Name,Shop,Distribution,Set,PID,NumJobs,NumMachines,Dimension,Makespan
f.rndn.6x5.test.1,f,rndn,test,1,6,5,30,620
f.rndn.6x5.test.2,f,rndn,test,2,6,5,30,523
f.rndn.6x5.test.3,f,rndn,test,3,6,5,30,561
f.rndn.6x5.test.4,f,rndn,test,4,6,5,30,520
f.rndn.6x5.test.5,f,rndn,test,5,6,5,30,571
f.rndn.6x5.test.6,f,rndn,test,6,6,5,30,569
f.rndn.6x5.test.7,f,rndn,test,7,6,5,30,564
f.rndn.6x5.test.8,f,rndn,test,8,6,5,30,567
f.rndn.6x5.test.9,f,rndn,test,9,6,5,30,550
f.rndn.6x5.test.10,f,rndn,test,10,6,5,30,511
f.rndn.6x5.test.11,f,rndn,test,11,6,5,30,560
f.rndn.6x5.test.12,f,rndn,test,12,6,5,30,546
f.rndn.6x5.test.13,f,rndn,test,13,6,5,30,557
f.rndn.6x5.test.14,f,rndn,test,14,6,5,30,550
f.rndn.6x5.test.15,f,rndn,test,15,6,5,30,509
f.rndn.6x5.test.16,f,rndn,test,16,6,5,30,511
f.rndn.6x5.test.17,f,rndn,test,17,6,5,30,556
f.rndn.6x5.test.18,f,rndn,test,18,6,5,30,557
f.rndn.6x5.test.19,f,rndn,test,19,6,5,30,608
f.rndn.6x5.test.20,f,rndn,test,20,6,5,30,505
f.rndn.6x5.test.21,f,rndn,test,21,6,5,30,616
f.rndn.6x5.test.22,f,rndn,test,22,6,5,30,550
f.rndn.6x5.test.23,f,rndn,test,23,6,5,30,572
f.rndn.6x5.test.24,f,rndn,test,24,6,5,30,610
f.rndn.6x5.test.25,f,rndn,test,25,6,5,30,510
f.rndn.6x5.test.26,f,rndn,test,26,6,5,30,518
f.rndn.6x5.test.27,f,rndn,test,27,6,5,30,520
f.rndn.6x5.test.28,f,rndn,test,28,6,5,30,561
f.rndn.6x5.test.29,f,rndn,test,29,6,5,30,511
f.rndn.6x5.test.30,f,rndn,test,30,6,5,30,567
f.rndn.6x5.test.31,f,rndn,test,31,6,5,30,559
f.rndn.6x5.test.32,f,rndn,test,32,6,5,30,554
f.rndn.6x5.test.33,f,rndn,test,33,6,5,30,565
f.rndn.6x5.test.34,f,rndn,test,34,6,5,30,569
f.rndn.6x5.test.35,f,rndn,test,35,6,5,30,546
f.rndn.6x5.test.36,f,rndn,test,36,6,5,30,561
f.rndn.6x5.test.37,f,rndn,test,37,6,5,30,562
f.rndn.6x5.test.38,f,rndn,test,38,6,5,30,614
f.rndn.6x5.test.39,f,rndn,test,39,6,5,30,561
f.rndn.6x5.test.40,f,rndn,test,40,6,5,30,510
f.rndn.6x5.test.41,f,rndn,test,41,6,5,30,510
f.rndn.6x5.test.42,f,rndn,test,42,6,5,30,513
f.rndn.6x5.test.43,f,rndn,test,43,6,5,30,555
f.rndn.6x5.test.44,f,rndn,test,44,6,5,30,554
f.rndn.6x5.test.45,f,rndn,test,45,6,5,30,511
f.rndn.6x5.test.46,f,rndn,test,46,6,5,30,561
f.rndn.6x5.test.47,f,rndn,test,47,6,5,30,575
f.rndn.6x5.test.48,f,rndn,test,48,6,5,30,565
f.rndn.6x5.test.49,f,rndn,test,49,6,5,30,515
f.rndn.6x5.test.50,f,rndn,test,50,6,5,30,570
f.rndn.6x5.test.51,f,rndn,test,51,6,5,30,564
f.rndn.6x5.test.52,f,rndn,test,52,6,5,30,571
f.rndn.6x5.test.53,f,rndn,test,53,6,5,30,604
f.rndn.6x5.test.54,f,rndn,test,54,6,5,30,561
f.rndn.6x5.test.55,f,rndn,test,55,6,5,30,504
f.rndn.6x5.test.56,f,rndn,test,56,6,5,30,514
f.rndn.6x5.test.57,f,rndn,test,57,6,5,30,556
f.rndn.6x5.test.58,f,rndn,test,58,6,5,30,524
f.rndn.6x5.test.59,f,rndn,test,59,6,5,30,552
f.rndn.6x5.test.60,f,rndn,test,60,6,5,30,561
f.rndn.6x5.test.61,f,rndn,test,61,6,5,30,515
f.rndn.6x5.test.62,f,rndn,test,62,6,5,30,571
f.rndn.6x5.test.63,f,rndn,test,63,6,5,30,521
f.rndn.6x5.test.64,f,rndn,test,64,6,5,30,511
f.rndn.6x5.test.65,f,rndn,test,65,6,5,30,511
f.rndn.6x5.test.66,f,rndn,test,66,6,5,30,558
f.rndn.6x5.test.67,f,rndn,test,67,6,5,30,555
f.rndn.6x5.test.68,f,rndn,test,68,6,5,30,569
f.rndn.6x5.test.69,f,rndn,test,69,6,5,30,521
f.rndn.6x5.test.70,f,rndn,test,70,6,5,30,519
f.rndn.6x5.test.71,f,rndn,test,71,6,5,30,572
f.rndn.6x5.test.72,f,rndn,test,72,6,5,30,509
f.rndn.6x5.test.73,f,rndn,test,73,6,5,30,503
f.rndn.6x5.test.74,f,rndn,test,74,6,5,30,508
f.rndn.6x5.test.75,f,rndn,test,75,6,5,30,564
f.rndn.6x5.test.76,f,rndn,test,76,6,5,30,548
f.rndn.6x5.test.77,f,rndn,test,77,6,5,30,509
f.rndn.6x5.test.78,f,rndn,test,78,6,5,30,608
f.rndn.6x5.test.79,f,rndn,test,79,6,5,30,560
f.rndn.6x5.test.80,f,rndn,test,80,6,5,30,567
f.rndn.6x5.test.81,f,rndn,test,81,6,5,30,611
f.rndn.6x5.test.82,f,rndn,test,82,6,5,30,559
f.rndn.6x5.test.83,f,rndn,test,83,6,5,30,525
f.rndn.6x5.test.84,f,rndn,test,84,6,5,30,518
f.rndn.6x5.test.85,f,rndn,test,85,6,5,30,569
f.rndn.6x5.test.86,f,rndn,test,86,6,5,30,574
f.rndn.6x5.test.87,f,rndn,test,87,6,5,30,511
f.rndn.6x5.test.88,f,rndn,test,88,6,5,30,568
f.rndn.6x5.test.89,f,rndn,test,89,6,5,30,608
f.rndn.6x5.test.90,f,rndn,test,90,6,5,30,543
f.rndn.6x5.test.91,f,rndn,test,91,6,5,30,603
f.rndn.6x5.test.92,f,rndn,test,92,6,5,30,578
f.rndn.6x5.test.93,f,rndn,test,93,6,5,30,608
f.rndn.6x5.test.94,f,rndn,test,94,6,5,30,515
f.rndn.6x5.test.95,f,rndn,test,95,6,5,30,563
f.rndn.6x5.test.96,f,rndn,test,96,6,5,30,558
f.rndn.6x5.test.97,f,rndn,test,97,6,5,30,595
f.rndn.6x5.test.98,f,rndn,test,98,6,5,30,520
f.rndn.6x5.test.99,f,rndn,test,99,6,5,30,556
f.rndn.6x5.test.100,f,rndn,test,100,6,5,30,514
f.rndn.6x5.test.101,f,rndn,test,101,6,5,30,515
f.rndn.6x5.test.102,f,rndn,test,102,6,5,30,566
f.rndn.6x5.test.103,f,rndn,test,103,6,5,30,565
f.rndn.6x5.test.104,f,rndn,test,104,6,5,30,561
f.rndn.6x5.test.105,f,rndn,test,105,6,5,30,567
f.rndn.6x5.test.106,f,rndn,test,106,6,5,30,624
f.rndn.6x5.test.107,f,rndn,test,107,6,5,30,550
f.rndn.6x5.test.108,f,rndn,test,108,6,5,30,553
f.rndn.6x5.test.109,f,rndn,test,109,6,5,30,613
f.rndn.6x5.test.110,f,rndn,test,110,6,5,30,561
f.rndn.6x5.test.111,f,rndn,test,111,6,5,30,518
f.rndn.6x5.test.112,f,rndn,test,112,6,5,30,567
f.rndn.6x5.test.113,f,rndn,test,113,6,5,30,614
f.rndn.6x5.test.114,f,rndn,test,114,6,5,30,516
f.rndn.6x5.test.115,f,rndn,test,115,6,5,30,574
f.rndn.6x5.test.116,f,rndn,test,116,6,5,30,562
f.rndn.6x5.test.117,f,rndn,test,117,6,5,30,572
f.rndn.6x5.test.118,f,rndn,test,118,6,5,30,604
f.rndn.6x5.test.119,f,rndn,test,119,6,5,30,557
f.rndn.6x5.test.120,f,rndn,test,120,6,5,30,578
f.rndn.6x5.test.121,f,rndn,test,121,6,5,30,566
f.rndn.6x5.test.122,f,rndn,test,122,6,5,30,557
f.rndn.6x5.test.123,f,rndn,test,123,6,5,30,559
f.rndn.6x5.test.124,f,rndn,test,124,6,5,30,521
f.rndn.6x5.test.125,f,rndn,test,125,6,5,30,615
f.rndn.6x5.test.126,f,rndn,test,126,6,5,30,554
f.rndn.6x5.test.127,f,rndn,test,127,6,5,30,561
f.rndn.6x5.test.128,f,rndn,test,128,6,5,30,655
f.rndn.6x5.test.129,f,rndn,test,129,6,5,30,508
f.rndn.6x5.test.130,f,rndn,test,130,6,5,30,566
f.rndn.6x5.test.131,f,rndn,test,131,6,5,30,551
f.rndn.6x5.test.132,f,rndn,test,132,6,5,30,511
f.rndn.6x5.test.133,f,rndn,test,133,6,5,30,527
f.rndn.6x5.test.134,f,rndn,test,134,6,5,30,555
f.rndn.6x5.test.135,f,rndn,test,135,6,5,30,622
f.rndn.6x5.test.136,f,rndn,test,136,6,5,30,565
f.rndn.6x5.test.137,f,rndn,test,137,6,5,30,572
f.rndn.6x5.test.138,f,rndn,test,138,6,5,30,561
f.rndn.6x5.test.139,f,rndn,test,139,6,5,30,573
f.rndn.6x5.test.140,f,rndn,test,140,6,5,30,557
f.rndn.6x5.test.141,f,rndn,test,141,6,5,30,613
f.rndn.6x5.test.142,f,rndn,test,142,6,5,30,506
f.rndn.6x5.test.143,f,rndn,test,143,6,5,30,565
f.rndn.6x5.test.144,f,rndn,test,144,6,5,30,559
f.rndn.6x5.test.145,f,rndn,test,145,6,5,30,560
f.rndn.6x5.test.146,f,rndn,test,146,6,5,30,559
f.rndn.6x5.test.147,f,rndn,test,147,6,5,30,557
f.rndn.6x5.test.148,f,rndn,test,148,6,5,30,586
f.rndn.6x5.test.149,f,rndn,test,149,6,5,30,559
f.rndn.6x5.test.150,f,rndn,test,150,6,5,30,562
f.rndn.6x5.test.151,f,rndn,test,151,6,5,30,547
f.rndn.6x5.test.152,f,rndn,test,152,6,5,30,518
f.rndn.6x5.test.153,f,rndn,test,153,6,5,30,553
f.rndn.6x5.test.154,f,rndn,test,154,6,5,30,615
f.rndn.6x5.test.155,f,rndn,test,155,6,5,30,558
f.rndn.6x5.test.156,f,rndn,test,156,6,5,30,561
f.rndn.6x5.test.157,f,rndn,test,157,6,5,30,610
f.rndn.6x5.test.158,f,rndn,test,158,6,5,30,561
f.rndn.6x5.test.159,f,rndn,test,159,6,5,30,567
f.rndn.6x5.test.160,f,rndn,test,160,6,5,30,554
f.rndn.6x5.test.161,f,rndn,test,161,6,5,30,575
f.rndn.6x5.test.162,f,rndn,test,162,6,5,30,553
f.rndn.6x5.test.163,f,rndn,test,163,6,5,30,559
f.rndn.6x5.test.164,f,rndn,test,164,6,5,30,513
f.rndn.6x5.test.165,f,rndn,test,165,6,5,30,552
f.rndn.6x5.test.166,f,rndn,test,166,6,5,30,543
f.rndn.6x5.test.167,f,rndn,test,167,6,5,30,514
f.rndn.6x5.test.168,f,rndn,test,168,6,5,30,553
f.rndn.6x5.test.169,f,rndn,test,169,6,5,30,521
f.rndn.6x5.test.170,f,rndn,test,170,6,5,30,578
f.rndn.6x5.test.171,f,rndn,test,171,6,5,30,562
f.rndn.6x5.test.172,f,rndn,test,172,6,5,30,562
f.rndn.6x5.test.173,f,rndn,test,173,6,5,30,561
f.rndn.6x5.test.174,f,rndn,test,174,6,5,30,513
f.rndn.6x5.test.175,f,rndn,test,175,6,5,30,564
f.rndn.6x5.test.176,f,rndn,test,176,6,5,30,563
f.rndn.6x5.test.177,f,rndn,test,177,6,5,30,516
f.rndn.6x5.test.178,f,rndn,test,178,6,5,30,574
f.rndn.6x5.test.179,f,rndn,test,179,6,5,30,512
f.rndn.6x5.test.180,f,rndn,test,180,6,5,30,557
f.rndn.6x5.test.181,f,rndn,test,181,6,5,30,559
f.rndn.6x5.test.182,f,rndn,test,182,6,5,30,549
f.rndn.6x5.test.183,f,rndn,test,183,6,5,30,504
f.rndn.6x5.test.184,f,rndn,test,184,6,5,30,559
f.rndn.6x5.test.185,f,rndn,test,185,6,5,30,518
f.rndn.6x5.test.186,f,rndn,test,186,6,5,30,513
f.rndn.6x5.test.187,f,rndn,test,187,6,5,30,603
f.rndn.6x5.test.188,f,rndn,test,188,6,5,30,561
f.rndn.6x5.test.189,f,rndn,test,189,6,5,30,566
f.rndn.6x5.test.190,f,rndn,test,190,6,5,30,559
f.rndn.6x5.test.191,f,rndn,test,191,6,5,30,557
f.rndn.6x5.test.192,f,rndn,test,192,6,5,30,524
f.rndn.6x5.test.193,f,rndn,test,193,6,5,30,529
f.rndn.6x5.test.194,f,rndn,test,194,6,5,30,554
f.rndn.6x5.test.195,f,rndn,test,195,6,5,30,511
f.rndn.6x5.test.196,f,rndn,test,196,6,5,30,553
f.rndn.6x5.test.197,f,rndn,test,197,6,5,30,547
f.rndn.6x5.test.198,f,rndn,test,198,6,5,30,521
f.rndn.6x5.test.199,f,rndn,test,199,6,5,30,576
f.rndn.6x5.test.200,f,rndn,test,200,6,5,30,556
f.rndn.6x5.test.201,f,rndn,test,201,6,5,30,566
f.rndn.6x5.test.202,f,rndn,test,202,6,5,30,513
f.rndn.6x5.test.203,f,rndn,test,203,6,5,30,566
f.rndn.6x5.test.204,f,rndn,test,204,6,5,30,557
f.rndn.6x5.test.205,f,rndn,test,205,6,5,30,558
f.rndn.6x5.test.206,f,rndn,test,206,6,5,30,560
f.rndn.6x5.test.207,f,rndn,test,207,6,5,30,584
f.rndn.6x5.test.208,f,rndn,test,208,6,5,30,567
f.rndn.6x5.test.209,f,rndn,test,209,6,5,30,602
f.rndn.6x5.test.210,f,rndn,test,210,6,5,30,516
f.rndn.6x5.test.211,f,rndn,test,211,6,5,30,514
f.rndn.6x5.test.212,f,rndn,test,212,6,5,30,556
f.rndn.6x5.test.213,f,rndn,test,213,6,5,30,560
f.rndn.6x5.test.214,f,rndn,test,214,6,5,30,567
f.rndn.6x5.test.215,f,rndn,test,215,6,5,30,553
f.rndn.6x5.test.216,f,rndn,test,216,6,5,30,515
f.rndn.6x5.test.217,f,rndn,test,217,6,5,30,561
f.rndn.6x5.test.218,f,rndn,test,218,6,5,30,552
f.rndn.6x5.test.219,f,rndn,test,219,6,5,30,560
f.rndn.6x5.test.220,f,rndn,test,220,6,5,30,571
f.rndn.6x5.test.221,f,rndn,test,221,6,5,30,557
f.rndn.6x5.test.222,f,rndn,test,222,6,5,30,633
f.rndn.6x5.test.223,f,rndn,test,223,6,5,30,559
f.rndn.6x5.test.224,f,rndn,test,224,6,5,30,558
f.rndn.6x5.test.225,f,rndn,test,225,6,5,30,564
f.rndn.6x5.test.226,f,rndn,test,226,6,5,30,509
f.rndn.6x5.test.227,f,rndn,test,227,6,5,30,564
f.rndn.6x5.test.228,f,rndn,test,228,6,5,30,547
f.rndn.6x5.test.229,f,rndn,test,229,6,5,30,563
f.rndn.6x5.test.230,f,rndn,test,230,6,5,30,606
f.rndn.6x5.test.231,f,rndn,test,231,6,5,30,611
f.rndn.6x5.test.232,f,rndn,test,232,6,5,30,549
f.rndn.6x5.test.233,f,rndn,test,233,6,5,30,519
f.rndn.6x5.test.234,f,rndn,test,234,6,5,30,561
f.rndn.6x5.test.235,f,rndn,test,235,6,5,30,630
f.rndn.6x5.test.236,f,rndn,test,236,6,5,30,554
f.rndn.6x5.test.237,f,rndn,test,237,6,5,30,571
f.rndn.6x5.test.238,f,rndn,test,238,6,5,30,559
f.rndn.6x5.test.239,f,rndn,test,239,6,5,30,527
f.rndn.6x5.test.240,f,rndn,test,240,6,5,30,561
f.rndn.6x5.test.241,f,rndn,test,241,6,5,30,503
f.rndn.6x5.test.242,f,rndn,test,242,6,5,30,562
f.rndn.6x5.test.243,f,rndn,test,243,6,5,30,557
f.rndn.6x5.test.244,f,rndn,test,244,6,5,30,568
f.rndn.6x5.test.245,f,rndn,test,245,6,5,30,563
f.rndn.6x5.test.246,f,rndn,test,246,6,5,30,555
f.rndn.6x5.test.247,f,rndn,test,247,6,5,30,549
f.rndn.6x5.test.248,f,rndn,test,248,6,5,30,568
f.rndn.6x5.test.249,f,rndn,test,249,6,5,30,556
f.rndn.6x5.test.250,f,rndn,test,250,6,5,30,555
f.rndn.6x5.test.251,f,rndn,test,251,6,5,30,517
f.rndn.6x5.test.252,f,rndn,test,252,6,5,30,571
f.rndn.6x5.test.253,f,rndn,test,253,6,5,30,559
f.rndn.6x5.test.254,f,rndn,test,254,6,5,30,518
f.rndn.6x5.test.255,f,rndn,test,255,6,5,30,508
f.rndn.6x5.test.256,f,rndn,test,256,6,5,30,563
f.rndn.6x5.test.257,f,rndn,test,257,6,5,30,564
f.rndn.6x5.test.258,f,rndn,test,258,6,5,30,568
f.rndn.6x5.test.259,f,rndn,test,259,6,5,30,569
f.rndn.6x5.test.260,f,rndn,test,260,6,5,30,571
f.rndn.6x5.test.261,f,rndn,test,261,6,5,30,576
f.rndn.6x5.test.262,f,rndn,test,262,6,5,30,561
f.rndn.6x5.test.263,f,rndn,test,263,6,5,30,566
f.rndn.6x5.test.264,f,rndn,test,264,6,5,30,572
f.rndn.6x5.test.265,f,rndn,test,265,6,5,30,564
f.rndn.6x5.test.266,f,rndn,test,266,6,5,30,512
f.rndn.6x5.test.267,f,rndn,test,267,6,5,30,513
f.rndn.6x5.test.268,f,rndn,test,268,6,5,30,565
f.rndn.6x5.test.269,f,rndn,test,269,6,5,30,603
f.rndn.6x5.test.270,f,rndn,test,270,6,5,30,561
f.rndn.6x5.test.271,f,rndn,test,271,6,5,30,560
f.rndn.6x5.test.272,f,rndn,test,272,6,5,30,523
f.rndn.6x5.test.273,f,rndn,test,273,6,5,30,566
f.rndn.6x5.test.274,f,rndn,test,274,6,5,30,558
f.rndn.6x5.test.275,f,rndn,test,275,6,5,30,554
f.rndn.6x5.test.276,f,rndn,test,276,6,5,30,572
f.rndn.6x5.test.277,f,rndn,test,277,6,5,30,558
f.rndn.6x5.test.278,f,rndn,test,278,6,5,30,595
f.rndn.6x5.test.279,f,rndn,test,279,6,5,30,517
f.rndn.6x5.test.280,f,rndn,test,280,6,5,30,563
f.rndn.6x5.test.281,f,rndn,test,281,6,5,30,564
f.rndn.6x5.test.282,f,rndn,test,282,6,5,30,512
f.rndn.6x5.test.283,f,rndn,test,283,6,5,30,609
f.rndn.6x5.test.284,f,rndn,test,284,6,5,30,615
f.rndn.6x5.test.285,f,rndn,test,285,6,5,30,565
f.rndn.6x5.test.286,f,rndn,test,286,6,5,30,509
f.rndn.6x5.test.287,f,rndn,test,287,6,5,30,569
f.rndn.6x5.test.288,f,rndn,test,288,6,5,30,560
f.rndn.6x5.test.289,f,rndn,test,289,6,5,30,515
f.rndn.6x5.test.290,f,rndn,test,290,6,5,30,571
f.rndn.6x5.test.291,f,rndn,test,291,6,5,30,564
f.rndn.6x5.test.292,f,rndn,test,292,6,5,30,578
f.rndn.6x5.test.293,f,rndn,test,293,6,5,30,563
f.rndn.6x5.test.294,f,rndn,test,294,6,5,30,558
f.rndn.6x5.test.295,f,rndn,test,295,6,5,30,514
f.rndn.6x5.test.296,f,rndn,test,296,6,5,30,557
f.rndn.6x5.test.297,f,rndn,test,297,6,5,30,559
f.rndn.6x5.test.298,f,rndn,test,298,6,5,30,601
f.rndn.6x5.test.299,f,rndn,test,299,6,5,30,564
f.rndn.6x5.test.300,f,rndn,test,300,6,5,30,510
f.rndn.6x5.test.301,f,rndn,test,301,6,5,30,509
f.rndn.6x5.test.302,f,rndn,test,302,6,5,30,618
f.rndn.6x5.test.303,f,rndn,test,303,6,5,30,519
f.rndn.6x5.test.304,f,rndn,test,304,6,5,30,516
f.rndn.6x5.test.305,f,rndn,test,305,6,5,30,572
f.rndn.6x5.test.306,f,rndn,test,306,6,5,30,515
f.rndn.6x5.test.307,f,rndn,test,307,6,5,30,569
f.rndn.6x5.test.308,f,rndn,test,308,6,5,30,513
f.rndn.6x5.test.309,f,rndn,test,309,6,5,30,553
f.rndn.6x5.test.310,f,rndn,test,310,6,5,30,556
f.rndn.6x5.test.311,f,rndn,test,311,6,5,30,557
f.rndn.6x5.test.312,f,rndn,test,312,6,5,30,570
f.rndn.6x5.test.313,f,rndn,test,313,6,5,30,517
f.rndn.6x5.test.314,f,rndn,test,314,6,5,30,560
f.rndn.6x5.test.315,f,rndn,test,315,6,5,30,563
f.rndn.6x5.test.316,f,rndn,test,316,6,5,30,578
f.rndn.6x5.test.317,f,rndn,test,317,6,5,30,559
f.rndn.6x5.test.318,f,rndn,test,318,6,5,30,564
f.rndn.6x5.test.319,f,rndn,test,319,6,5,30,560
f.rndn.6x5.test.320,f,rndn,test,320,6,5,30,567
f.rndn.6x5.test.321,f,rndn,test,321,6,5,30,519
f.rndn.6x5.test.322,f,rndn,test,322,6,5,30,624
f.rndn.6x5.test.323,f,rndn,test,323,6,5,30,566
f.rndn.6x5.test.324,f,rndn,test,324,6,5,30,558
f.rndn.6x5.test.325,f,rndn,test,325,6,5,30,499
f.rndn.6x5.test.326,f,rndn,test,326,6,5,30,513
f.rndn.6x5.test.327,f,rndn,test,327,6,5,30,552
f.rndn.6x5.test.328,f,rndn,test,328,6,5,30,569
f.rndn.6x5.test.329,f,rndn,test,329,6,5,30,579
f.rndn.6x5.test.330,f,rndn,test,330,6,5,30,507
f.rndn.6x5.test.331,f,rndn,test,331,6,5,30,612
f.rndn.6x5.test.332,f,rndn,test,332,6,5,30,496
f.rndn.6x5.test.333,f,rndn,test,333,6,5,30,511
f.rndn.6x5.test.334,f,rndn,test,334,6,5,30,608
f.rndn.6x5.test.335,f,rndn,test,335,6,5,30,511
f.rndn.6x5.test.336,f,rndn,test,336,6,5,30,565
f.rndn.6x5.test.337,f,rndn,test,337,6,5,30,611
f.rndn.6x5.test.338,f,rndn,test,338,6,5,30,552
f.rndn.6x5.test.339,f,rndn,test,339,6,5,30,561
f.rndn.6x5.test.340,f,rndn,test,340,6,5,30,556
f.rndn.6x5.test.341,f,rndn,test,341,6,5,30,560
f.rndn.6x5.test.342,f,rndn,test,342,6,5,30,520
f.rndn.6x5.test.343,f,rndn,test,343,6,5,30,563
f.rndn.6x5.test.344,f,rndn,test,344,6,5,30,516
f.rndn.6x5.test.345,f,rndn,test,345,6,5,30,623
f.rndn.6x5.test.346,f,rndn,test,346,6,5,30,561
f.rndn.6x5.test.347,f,rndn,test,347,6,5,30,507
f.rndn.6x5.test.348,f,rndn,test,348,6,5,30,517
f.rndn.6x5.test.349,f,rndn,test,349,6,5,30,618
f.rndn.6x5.test.350,f,rndn,test,350,6,5,30,561
f.rndn.6x5.test.351,f,rndn,test,351,6,5,30,606
f.rndn.6x5.test.352,f,rndn,test,352,6,5,30,568
f.rndn.6x5.test.353,f,rndn,test,353,6,5,30,519
f.rndn.6x5.test.354,f,rndn,test,354,6,5,30,620
f.rndn.6x5.test.355,f,rndn,test,355,6,5,30,619
f.rndn.6x5.test.356,f,rndn,test,356,6,5,30,533
f.rndn.6x5.test.357,f,rndn,test,357,6,5,30,563
f.rndn.6x5.test.358,f,rndn,test,358,6,5,30,561
f.rndn.6x5.test.359,f,rndn,test,359,6,5,30,571
f.rndn.6x5.test.360,f,rndn,test,360,6,5,30,560
f.rndn.6x5.test.361,f,rndn,test,361,6,5,30,551
f.rndn.6x5.test.362,f,rndn,test,362,6,5,30,556
f.rndn.6x5.test.363,f,rndn,test,363,6,5,30,615
f.rndn.6x5.test.364,f,rndn,test,364,6,5,30,614
f.rndn.6x5.test.365,f,rndn,test,365,6,5,30,557
f.rndn.6x5.test.366,f,rndn,test,366,6,5,30,625
f.rndn.6x5.test.367,f,rndn,test,367,6,5,30,524
f.rndn.6x5.test.368,f,rndn,test,368,6,5,30,580
f.rndn.6x5.test.369,f,rndn,test,369,6,5,30,613
f.rndn.6x5.test.370,f,rndn,test,370,6,5,30,568
f.rndn.6x5.test.371,f,rndn,test,371,6,5,30,560
f.rndn.6x5.test.372,f,rndn,test,372,6,5,30,609
f.rndn.6x5.test.373,f,rndn,test,373,6,5,30,509
f.rndn.6x5.test.374,f,rndn,test,374,6,5,30,606
f.rndn.6x5.test.375,f,rndn,test,375,6,5,30,613
f.rndn.6x5.test.376,f,rndn,test,376,6,5,30,523
f.rndn.6x5.test.377,f,rndn,test,377,6,5,30,563
f.rndn.6x5.test.378,f,rndn,test,378,6,5,30,602
f.rndn.6x5.test.379,f,rndn,test,379,6,5,30,529
f.rndn.6x5.test.380,f,rndn,test,380,6,5,30,554
f.rndn.6x5.test.381,f,rndn,test,381,6,5,30,675
f.rndn.6x5.test.382,f,rndn,test,382,6,5,30,557
f.rndn.6x5.test.383,f,rndn,test,383,6,5,30,566
f.rndn.6x5.test.384,f,rndn,test,384,6,5,30,551
f.rndn.6x5.test.385,f,rndn,test,385,6,5,30,554
f.rndn.6x5.test.386,f,rndn,test,386,6,5,30,613
f.rndn.6x5.test.387,f,rndn,test,387,6,5,30,556
f.rndn.6x5.test.388,f,rndn,test,388,6,5,30,522
f.rndn.6x5.test.389,f,rndn,test,389,6,5,30,557
f.rndn.6x5.test.390,f,rndn,test,390,6,5,30,520
f.rndn.6x5.test.391,f,rndn,test,391,6,5,30,564
f.rndn.6x5.test.392,f,rndn,test,392,6,5,30,561
f.rndn.6x5.test.393,f,rndn,test,393,6,5,30,566
f.rndn.6x5.test.394,f,rndn,test,394,6,5,30,519
f.rndn.6x5.test.395,f,rndn,test,395,6,5,30,515
f.rndn.6x5.test.396,f,rndn,test,396,6,5,30,606
f.rndn.6x5.test.397,f,rndn,test,397,6,5,30,551
f.rndn.6x5.test.398,f,rndn,test,398,6,5,30,571
f.rndn.6x5.test.399,f,rndn,test,399,6,5,30,512
f.rndn.6x5.test.400,f,rndn,test,400,6,5,30,561
f.rndn.6x5.test.401,f,rndn,test,401,6,5,30,557
f.rndn.6x5.test.402,f,rndn,test,402,6,5,30,557
f.rndn.6x5.test.403,f,rndn,test,403,6,5,30,556
f.rndn.6x5.test.404,f,rndn,test,404,6,5,30,564
f.rndn.6x5.test.405,f,rndn,test,405,6,5,30,564
f.rndn.6x5.test.406,f,rndn,test,406,6,5,30,516
f.rndn.6x5.test.407,f,rndn,test,407,6,5,30,563
f.rndn.6x5.test.408,f,rndn,test,408,6,5,30,553
f.rndn.6x5.test.409,f,rndn,test,409,6,5,30,568
f.rndn.6x5.test.410,f,rndn,test,410,6,5,30,560
f.rndn.6x5.test.411,f,rndn,test,411,6,5,30,562
f.rndn.6x5.test.412,f,rndn,test,412,6,5,30,507
f.rndn.6x5.test.413,f,rndn,test,413,6,5,30,556
f.rndn.6x5.test.414,f,rndn,test,414,6,5,30,513
f.rndn.6x5.test.415,f,rndn,test,415,6,5,30,545
f.rndn.6x5.test.416,f,rndn,test,416,6,5,30,545
f.rndn.6x5.test.417,f,rndn,test,417,6,5,30,513
f.rndn.6x5.test.418,f,rndn,test,418,6,5,30,559
f.rndn.6x5.test.419,f,rndn,test,419,6,5,30,555
f.rndn.6x5.test.420,f,rndn,test,420,6,5,30,567
f.rndn.6x5.test.421,f,rndn,test,421,6,5,30,559
f.rndn.6x5.test.422,f,rndn,test,422,6,5,30,623
f.rndn.6x5.test.423,f,rndn,test,423,6,5,30,560
f.rndn.6x5.test.424,f,rndn,test,424,6,5,30,561
f.rndn.6x5.test.425,f,rndn,test,425,6,5,30,560
f.rndn.6x5.test.426,f,rndn,test,426,6,5,30,603
f.rndn.6x5.test.427,f,rndn,test,427,6,5,30,565
f.rndn.6x5.test.428,f,rndn,test,428,6,5,30,559
f.rndn.6x5.test.429,f,rndn,test,429,6,5,30,516
f.rndn.6x5.test.430,f,rndn,test,430,6,5,30,553
f.rndn.6x5.test.431,f,rndn,test,431,6,5,30,510
f.rndn.6x5.test.432,f,rndn,test,432,6,5,30,522
f.rndn.6x5.test.433,f,rndn,test,433,6,5,30,568
f.rndn.6x5.test.434,f,rndn,test,434,6,5,30,550
f.rndn.6x5.test.435,f,rndn,test,435,6,5,30,567
f.rndn.6x5.test.436,f,rndn,test,436,6,5,30,571
f.rndn.6x5.test.437,f,rndn,test,437,6,5,30,551
f.rndn.6x5.test.438,f,rndn,test,438,6,5,30,595
f.rndn.6x5.test.439,f,rndn,test,439,6,5,30,566
f.rndn.6x5.test.440,f,rndn,test,440,6,5,30,609
f.rndn.6x5.test.441,f,rndn,test,441,6,5,30,519
f.rndn.6x5.test.442,f,rndn,test,442,6,5,30,508
f.rndn.6x5.test.443,f,rndn,test,443,6,5,30,564
f.rndn.6x5.test.444,f,rndn,test,444,6,5,30,557
f.rndn.6x5.test.445,f,rndn,test,445,6,5,30,555
f.rndn.6x5.test.446,f,rndn,test,446,6,5,30,542
f.rndn.6x5.test.447,f,rndn,test,447,6,5,30,515
f.rndn.6x5.test.448,f,rndn,test,448,6,5,30,568
f.rndn.6x5.test.449,f,rndn,test,449,6,5,30,564
f.rndn.6x5.test.450,f,rndn,test,450,6,5,30,608
f.rndn.6x5.test.451,f,rndn,test,451,6,5,30,574
f.rndn.6x5.test.452,f,rndn,test,452,6,5,30,571
f.rndn.6x5.test.453,f,rndn,test,453,6,5,30,519
f.rndn.6x5.test.454,f,rndn,test,454,6,5,30,521
f.rndn.6x5.test.455,f,rndn,test,455,6,5,30,558
f.rndn.6x5.test.456,f,rndn,test,456,6,5,30,520
f.rndn.6x5.test.457,f,rndn,test,457,6,5,30,549
f.rndn.6x5.test.458,f,rndn,test,458,6,5,30,504
f.rndn.6x5.test.459,f,rndn,test,459,6,5,30,565
f.rndn.6x5.test.460,f,rndn,test,460,6,5,30,605
f.rndn.6x5.test.461,f,rndn,test,461,6,5,30,550
f.rndn.6x5.test.462,f,rndn,test,462,6,5,30,551
f.rndn.6x5.test.463,f,rndn,test,463,6,5,30,546
f.rndn.6x5.test.464,f,rndn,test,464,6,5,30,576
f.rndn.6x5.test.465,f,rndn,test,465,6,5,30,558
f.rndn.6x5.test.466,f,rndn,test,466,6,5,30,567
f.rndn.6x5.test.467,f,rndn,test,467,6,5,30,609
f.rndn.6x5.test.468,f,rndn,test,468,6,5,30,565
f.rndn.6x5.test.469,f,rndn,test,469,6,5,30,566
f.rndn.6x5.test.470,f,rndn,test,470,6,5,30,515
f.rndn.6x5.test.471,f,rndn,test,471,6,5,30,556
f.rndn.6x5.test.472,f,rndn,test,472,6,5,30,524
f.rndn.6x5.test.473,f,rndn,test,473,6,5,30,573
f.rndn.6x5.test.474,f,rndn,test,474,6,5,30,506
f.rndn.6x5.test.475,f,rndn,test,475,6,5,30,513
f.rndn.6x5.test.476,f,rndn,test,476,6,5,30,611
f.rndn.6x5.test.477,f,rndn,test,477,6,5,30,572
f.rndn.6x5.test.478,f,rndn,test,478,6,5,30,596
f.rndn.6x5.test.479,f,rndn,test,479,6,5,30,562
f.rndn.6x5.test.480,f,rndn,test,480,6,5,30,513
f.rndn.6x5.test.481,f,rndn,test,481,6,5,30,566
f.rndn.6x5.test.482,f,rndn,test,482,6,5,30,515
f.rndn.6x5.test.483,f,rndn,test,483,6,5,30,562
f.rndn.6x5.test.484,f,rndn,test,484,6,5,30,605
f.rndn.6x5.test.485,f,rndn,test,485,6,5,30,623
f.rndn.6x5.test.486,f,rndn,test,486,6,5,30,566
f.rndn.6x5.test.487,f,rndn,test,487,6,5,30,553
f.rndn.6x5.test.488,f,rndn,test,488,6,5,30,523
f.rndn.6x5.test.489,f,rndn,test,489,6,5,30,503
f.rndn.6x5.test.490,f,rndn,test,490,6,5,30,571
f.rndn.6x5.test.491,f,rndn,test,491,6,5,30,559
f.rndn.6x5.test.492,f,rndn,test,492,6,5,30,556
f.rndn.6x5.test.493,f,rndn,test,493,6,5,30,567
f.rndn.6x5.test.494,f,rndn,test,494,6,5,30,573
f.rndn.6x5.test.495,f,rndn,test,495,6,5,30,563
f.rndn.6x5.test.496,f,rndn,test,496,6,5,30,580
f.rndn.6x5.test.497,f,rndn,test,497,6,5,30,562
f.rndn.6x5.test.498,f,rndn,test,498,6,5,30,567
f.rndn.6x5.test.499,f,rndn,test,499,6,5,30,565
f.rndn.6x5.test.500,f,rndn,test,500,6,5,30,520
