Name,Optimum,Solved
j.rnd.10x10.train.1,905,opt
j.rnd.10x10.train.2,733,opt
j.rnd.10x10.train.3,736,opt
j.rnd.10x10.train.4,858,opt
j.rnd.10x10.train.5,744,opt
j.rnd.10x10.train.6,843,opt
j.rnd.10x10.train.7,833,opt
j.rnd.10x10.train.8,777,opt
j.rnd.10x10.train.9,719,opt
j.rnd.10x10.train.10,798,opt
j.rnd.10x10.train.11,837,opt
j.rnd.10x10.train.12,787,opt
j.rnd.10x10.train.13,908,opt
j.rnd.10x10.train.14,783,opt
j.rnd.10x10.train.15,868,opt
j.rnd.10x10.train.16,844,opt
j.rnd.10x10.train.17,874,opt
j.rnd.10x10.train.18,834,opt
j.rnd.10x10.train.19,879,opt
j.rnd.10x10.train.20,756,opt
j.rnd.10x10.train.21,826,opt
j.rnd.10x10.train.22,824,opt
j.rnd.10x10.train.23,899,opt
j.rnd.10x10.train.24,813,opt
j.rnd.10x10.train.25,755,opt
j.rnd.10x10.train.26,716,opt
j.rnd.10x10.train.27,746,opt
j.rnd.10x10.train.28,739,opt
j.rnd.10x10.train.29,753,opt
j.rnd.10x10.train.30,796,opt
j.rnd.10x10.train.31,851,opt
j.rnd.10x10.train.32,811,opt
j.rnd.10x10.train.33,829,opt
j.rnd.10x10.train.34,773,opt
j.rnd.10x10.train.35,928,opt
j.rnd.10x10.train.36,746,opt
j.rnd.10x10.train.37,837,opt
j.rnd.10x10.train.38,782,opt
j.rnd.10x10.train.39,757,opt
j.rnd.10x10.train.40,792,opt
j.rnd.10x10.train.41,766,opt
j.rnd.10x10.train.42,831,opt
j.rnd.10x10.train.43,760,opt
j.rnd.10x10.train.44,799,opt
j.rnd.10x10.train.45,771,opt
j.rnd.10x10.train.46,798,opt
j.rnd.10x10.train.47,841,opt
j.rnd.10x10.train.48,854,opt
j.rnd.10x10.train.49,762,opt
j.rnd.10x10.train.50,778,opt
j.rnd.10x10.train.51,753,opt
j.rnd.10x10.train.52,901,opt
j.rnd.10x10.train.53,789,opt
j.rnd.10x10.train.54,891,opt
j.rnd.10x10.train.55,830,opt
j.rnd.10x10.train.56,805,opt
j.rnd.10x10.train.57,790,opt
j.rnd.10x10.train.58,847,opt
j.rnd.10x10.train.59,832,opt
j.rnd.10x10.train.60,789,opt
j.rnd.10x10.train.61,813,opt
j.rnd.10x10.train.62,845,opt
j.rnd.10x10.train.63,884,opt
j.rnd.10x10.train.64,839,opt
j.rnd.10x10.train.65,809,opt
j.rnd.10x10.train.66,875,opt
j.rnd.10x10.train.67,809,opt
j.rnd.10x10.train.68,786,opt
j.rnd.10x10.train.69,946,opt
j.rnd.10x10.train.70,824,opt
j.rnd.10x10.train.71,808,opt
j.rnd.10x10.train.72,857,opt
j.rnd.10x10.train.73,811,opt
j.rnd.10x10.train.74,774,opt
j.rnd.10x10.train.75,825,opt
j.rnd.10x10.train.76,830,opt
j.rnd.10x10.train.77,762,opt
j.rnd.10x10.train.78,922,opt
j.rnd.10x10.train.79,850,opt
j.rnd.10x10.train.80,760,opt
j.rnd.10x10.train.81,711,opt
j.rnd.10x10.train.82,797,opt
j.rnd.10x10.train.83,855,opt
j.rnd.10x10.train.84,766,opt
j.rnd.10x10.train.85,749,opt
j.rnd.10x10.train.86,736,opt
j.rnd.10x10.train.87,818,opt
j.rnd.10x10.train.88,854,opt
j.rnd.10x10.train.89,804,opt
j.rnd.10x10.train.90,882,opt
j.rnd.10x10.train.91,783,opt
j.rnd.10x10.train.92,835,opt
j.rnd.10x10.train.93,807,opt
j.rnd.10x10.train.94,771,opt
j.rnd.10x10.train.95,810,opt
j.rnd.10x10.train.96,758,opt
j.rnd.10x10.train.97,791,opt
j.rnd.10x10.train.98,725,opt
j.rnd.10x10.train.99,832,opt
j.rnd.10x10.train.100,864,opt
j.rnd.10x10.train.101,767,opt
j.rnd.10x10.train.102,802,opt
j.rnd.10x10.train.103,817,opt
j.rnd.10x10.train.104,839,opt
j.rnd.10x10.train.105,806,opt
j.rnd.10x10.train.106,819,opt
j.rnd.10x10.train.107,822,opt
j.rnd.10x10.train.108,762,opt
j.rnd.10x10.train.109,803,opt
j.rnd.10x10.train.110,754,opt
j.rnd.10x10.train.111,800,opt
j.rnd.10x10.train.112,839,opt
j.rnd.10x10.train.113,816,opt
j.rnd.10x10.train.114,743,opt
j.rnd.10x10.train.115,854,opt
j.rnd.10x10.train.116,906,opt
j.rnd.10x10.train.117,770,opt
j.rnd.10x10.train.118,773,opt
j.rnd.10x10.train.119,845,opt
j.rnd.10x10.train.120,877,opt
j.rnd.10x10.train.121,800,opt
j.rnd.10x10.train.122,775,opt
j.rnd.10x10.train.123,736,opt
j.rnd.10x10.train.124,855,opt
j.rnd.10x10.train.125,741,opt
j.rnd.10x10.train.126,826,opt
j.rnd.10x10.train.127,914,opt
j.rnd.10x10.train.128,857,opt
j.rnd.10x10.train.129,863,opt
j.rnd.10x10.train.130,789,opt
j.rnd.10x10.train.131,849,opt
j.rnd.10x10.train.132,851,opt
j.rnd.10x10.train.133,837,opt
j.rnd.10x10.train.134,758,opt
j.rnd.10x10.train.135,801,opt
j.rnd.10x10.train.136,1027,opt
j.rnd.10x10.train.137,837,opt
j.rnd.10x10.train.138,705,opt
j.rnd.10x10.train.139,784,opt
j.rnd.10x10.train.140,865,opt
j.rnd.10x10.train.141,806,opt
j.rnd.10x10.train.142,836,opt
j.rnd.10x10.train.143,785,opt
j.rnd.10x10.train.144,833,opt
j.rnd.10x10.train.145,833,opt
j.rnd.10x10.train.146,788,opt
j.rnd.10x10.train.147,809,opt
j.rnd.10x10.train.148,764,opt
j.rnd.10x10.train.149,805,opt
j.rnd.10x10.train.150,752,opt
j.rnd.10x10.train.151,682,opt
j.rnd.10x10.train.152,778,opt
j.rnd.10x10.train.153,785,opt
j.rnd.10x10.train.154,780,opt
j.rnd.10x10.train.155,790,opt
j.rnd.10x10.train.156,808,opt
j.rnd.10x10.train.157,990,opt
j.rnd.10x10.train.158,821,opt
j.rnd.10x10.train.159,798,opt
j.rnd.10x10.train.160,805,opt
j.rnd.10x10.train.161,769,opt
j.rnd.10x10.train.162,839,opt
j.rnd.10x10.train.163,774,opt
j.rnd.10x10.train.164,791,opt
j.rnd.10x10.train.165,837,opt
j.rnd.10x10.train.166,833,opt
j.rnd.10x10.train.167,794,opt
j.rnd.10x10.train.168,892,opt
j.rnd.10x10.train.169,899,opt
j.rnd.10x10.train.170,896,opt
j.rnd.10x10.train.171,874,opt
j.rnd.10x10.train.172,796,opt
j.rnd.10x10.train.173,821,opt
j.rnd.10x10.train.174,842,opt
j.rnd.10x10.train.175,852,opt
j.rnd.10x10.train.176,815,opt
j.rnd.10x10.train.177,845,opt
j.rnd.10x10.train.178,780,opt
j.rnd.10x10.train.179,934,opt
j.rnd.10x10.train.180,769,opt
j.rnd.10x10.train.181,862,opt
j.rnd.10x10.train.182,855,opt
j.rnd.10x10.train.183,830,opt
j.rnd.10x10.train.184,813,opt
j.rnd.10x10.train.185,868,opt
j.rnd.10x10.train.186,740,opt
j.rnd.10x10.train.187,793,opt
j.rnd.10x10.train.188,881,opt
j.rnd.10x10.train.189,785,opt
j.rnd.10x10.train.190,782,opt
j.rnd.10x10.train.191,886,opt
j.rnd.10x10.train.192,795,opt
j.rnd.10x10.train.193,812,opt
j.rnd.10x10.train.194,774,opt
j.rnd.10x10.train.195,801,opt
j.rnd.10x10.train.196,849,opt
j.rnd.10x10.train.197,877,opt
j.rnd.10x10.train.198,809,opt
j.rnd.10x10.train.199,767,opt
j.rnd.10x10.train.200,854,opt
j.rnd.10x10.train.201,802,opt
j.rnd.10x10.train.202,841,opt
j.rnd.10x10.train.203,815,opt
j.rnd.10x10.train.204,851,opt
j.rnd.10x10.train.205,823,opt
j.rnd.10x10.train.206,778,opt
j.rnd.10x10.train.207,811,opt
j.rnd.10x10.train.208,742,opt
j.rnd.10x10.train.209,740,opt
j.rnd.10x10.train.210,826,opt
j.rnd.10x10.train.211,794,opt
j.rnd.10x10.train.212,741,opt
j.rnd.10x10.train.213,773,opt
j.rnd.10x10.train.214,846,opt
j.rnd.10x10.train.215,694,opt
j.rnd.10x10.train.216,899,opt
j.rnd.10x10.train.217,899,opt
j.rnd.10x10.train.218,758,opt
j.rnd.10x10.train.219,756,opt
j.rnd.10x10.train.220,866,opt
j.rnd.10x10.train.221,741,opt
j.rnd.10x10.train.222,793,opt
j.rnd.10x10.train.223,830,opt
j.rnd.10x10.train.224,756,opt
j.rnd.10x10.train.225,816,opt
j.rnd.10x10.train.226,805,opt
j.rnd.10x10.train.227,712,opt
j.rnd.10x10.train.228,695,opt
j.rnd.10x10.train.229,804,opt
j.rnd.10x10.train.230,776,opt
j.rnd.10x10.train.231,818,opt
j.rnd.10x10.train.232,800,opt
j.rnd.10x10.train.233,845,opt
j.rnd.10x10.train.234,910,opt
j.rnd.10x10.train.235,799,opt
j.rnd.10x10.train.236,774,opt
j.rnd.10x10.train.237,831,opt
j.rnd.10x10.train.238,766,opt
j.rnd.10x10.train.239,766,opt
j.rnd.10x10.train.240,687,opt
j.rnd.10x10.train.241,777,opt
j.rnd.10x10.train.242,778,opt
j.rnd.10x10.train.243,781,opt
j.rnd.10x10.train.244,856,opt
j.rnd.10x10.train.245,787,opt
j.rnd.10x10.train.246,777,opt
j.rnd.10x10.train.247,753,opt
j.rnd.10x10.train.248,819,opt
j.rnd.10x10.train.249,794,opt
j.rnd.10x10.train.250,800,opt
j.rnd.10x10.train.251,781,opt
j.rnd.10x10.train.252,837,opt
j.rnd.10x10.train.253,864,opt
j.rnd.10x10.train.254,798,opt
j.rnd.10x10.train.255,871,opt
j.rnd.10x10.train.256,860,opt
j.rnd.10x10.train.257,877,opt
j.rnd.10x10.train.258,797,opt
j.rnd.10x10.train.259,782,opt
j.rnd.10x10.train.260,795,opt
j.rnd.10x10.train.261,785,opt
j.rnd.10x10.train.262,832,opt
j.rnd.10x10.train.263,836,opt
j.rnd.10x10.train.264,865,opt
j.rnd.10x10.train.265,773,opt
j.rnd.10x10.train.266,897,opt
j.rnd.10x10.train.267,747,opt
j.rnd.10x10.train.268,779,opt
j.rnd.10x10.train.269,838,opt
j.rnd.10x10.train.270,760,opt
j.rnd.10x10.train.271,857,opt
j.rnd.10x10.train.272,806,opt
j.rnd.10x10.train.273,822,opt
j.rnd.10x10.train.274,833,opt
j.rnd.10x10.train.275,855,opt
j.rnd.10x10.train.276,773,opt
j.rnd.10x10.train.277,890,opt
j.rnd.10x10.train.278,769,opt
j.rnd.10x10.train.279,803,opt
j.rnd.10x10.train.280,842,opt
j.rnd.10x10.train.281,784,opt
j.rnd.10x10.train.282,760,opt
j.rnd.10x10.train.283,807,opt
j.rnd.10x10.train.284,808,opt
j.rnd.10x10.train.285,785,opt
j.rnd.10x10.train.286,783,opt
j.rnd.10x10.train.287,781,opt
j.rnd.10x10.train.288,829,opt
j.rnd.10x10.train.289,865,opt
j.rnd.10x10.train.290,821,opt
j.rnd.10x10.train.291,819,opt
j.rnd.10x10.train.292,783,opt
j.rnd.10x10.train.293,807,opt
j.rnd.10x10.train.294,863,opt
j.rnd.10x10.train.295,811,opt
j.rnd.10x10.train.296,840,opt
j.rnd.10x10.train.297,800,opt
j.rnd.10x10.train.298,759,opt
j.rnd.10x10.train.299,833,opt
j.rnd.10x10.train.300,776,opt
j.rnd.10x10.train.301,776,opt
j.rnd.10x10.train.302,734,opt
j.rnd.10x10.train.303,869,opt
j.rnd.10x10.train.304,747,opt
j.rnd.10x10.train.305,723,opt
j.rnd.10x10.train.306,823,opt
j.rnd.10x10.train.307,843,opt
j.rnd.10x10.train.308,801,opt
j.rnd.10x10.train.309,967,opt
j.rnd.10x10.train.310,825,opt
j.rnd.10x10.train.311,957,opt
j.rnd.10x10.train.312,818,opt
j.rnd.10x10.train.313,855,opt
j.rnd.10x10.train.314,767,opt
j.rnd.10x10.train.315,749,opt
j.rnd.10x10.train.316,817,opt
j.rnd.10x10.train.317,784,opt
j.rnd.10x10.train.318,847,opt
j.rnd.10x10.train.319,900,opt
j.rnd.10x10.train.320,858,opt
j.rnd.10x10.train.321,803,opt
j.rnd.10x10.train.322,813,opt
j.rnd.10x10.train.323,766,opt
j.rnd.10x10.train.324,855,opt
j.rnd.10x10.train.325,865,opt
j.rnd.10x10.train.326,831,opt
j.rnd.10x10.train.327,868,opt
j.rnd.10x10.train.328,785,opt
j.rnd.10x10.train.329,763,opt
j.rnd.10x10.train.330,812,opt
j.rnd.10x10.train.331,855,opt
j.rnd.10x10.train.332,752,opt
j.rnd.10x10.train.333,844,opt
j.rnd.10x10.train.334,849,opt
j.rnd.10x10.train.335,816,opt
j.rnd.10x10.train.336,789,opt
j.rnd.10x10.train.337,840,opt
j.rnd.10x10.train.338,870,opt
j.rnd.10x10.train.339,783,opt
j.rnd.10x10.train.340,712,opt
j.rnd.10x10.train.341,809,opt
j.rnd.10x10.train.342,794,opt
j.rnd.10x10.train.343,819,opt
j.rnd.10x10.train.344,810,opt
j.rnd.10x10.train.345,736,opt
j.rnd.10x10.train.346,791,opt
j.rnd.10x10.train.347,818,opt
j.rnd.10x10.train.348,798,opt
j.rnd.10x10.train.349,716,opt
j.rnd.10x10.train.350,831,opt
j.rnd.10x10.train.351,817,opt
j.rnd.10x10.train.352,788,opt
j.rnd.10x10.train.353,890,opt
j.rnd.10x10.train.354,785,opt
j.rnd.10x10.train.355,862,opt
j.rnd.10x10.train.356,759,opt
j.rnd.10x10.train.357,802,opt
j.rnd.10x10.train.358,787,opt
j.rnd.10x10.train.359,700,opt
j.rnd.10x10.train.360,822,opt
j.rnd.10x10.train.361,699,opt
j.rnd.10x10.train.362,746,opt
j.rnd.10x10.train.363,744,opt
j.rnd.10x10.train.364,842,opt
j.rnd.10x10.train.365,840,opt
j.rnd.10x10.train.366,765,opt
j.rnd.10x10.train.367,749,opt
j.rnd.10x10.train.368,851,opt
j.rnd.10x10.train.369,818,opt
j.rnd.10x10.train.370,818,opt
j.rnd.10x10.train.371,792,opt
j.rnd.10x10.train.372,809,opt
j.rnd.10x10.train.373,864,opt
j.rnd.10x10.train.374,795,opt
j.rnd.10x10.train.375,753,opt
j.rnd.10x10.train.376,891,opt
j.rnd.10x10.train.377,795,opt
j.rnd.10x10.train.378,761,opt
j.rnd.10x10.train.379,802,opt
j.rnd.10x10.train.380,774,opt
j.rnd.10x10.train.381,751,opt
j.rnd.10x10.train.382,756,opt
j.rnd.10x10.train.383,713,opt
j.rnd.10x10.train.384,799,opt
j.rnd.10x10.train.385,768,opt
j.rnd.10x10.train.386,794,opt
j.rnd.10x10.train.387,808,opt
j.rnd.10x10.train.388,809,opt
j.rnd.10x10.train.389,865,opt
j.rnd.10x10.train.390,867,opt
j.rnd.10x10.train.391,857,opt
j.rnd.10x10.train.392,857,opt
j.rnd.10x10.train.393,737,opt
j.rnd.10x10.train.394,882,opt
j.rnd.10x10.train.395,784,opt
j.rnd.10x10.train.396,898,opt
j.rnd.10x10.train.397,879,opt
j.rnd.10x10.train.398,819,opt
j.rnd.10x10.train.399,820,opt
j.rnd.10x10.train.400,816,opt
j.rnd.10x10.train.401,741,opt
j.rnd.10x10.train.402,779,opt
j.rnd.10x10.train.403,882,opt
j.rnd.10x10.train.404,772,opt
j.rnd.10x10.train.405,740,opt
j.rnd.10x10.train.406,859,opt
j.rnd.10x10.train.407,775,opt
j.rnd.10x10.train.408,909,opt
j.rnd.10x10.train.409,805,opt
j.rnd.10x10.train.410,861,opt
j.rnd.10x10.train.411,840,opt
j.rnd.10x10.train.412,805,opt
j.rnd.10x10.train.413,875,opt
j.rnd.10x10.train.414,879,opt
j.rnd.10x10.train.415,807,opt
j.rnd.10x10.train.416,912,opt
j.rnd.10x10.train.417,752,opt
j.rnd.10x10.train.418,903,opt
j.rnd.10x10.train.419,838,opt
j.rnd.10x10.train.420,862,opt
j.rnd.10x10.train.421,831,opt
j.rnd.10x10.train.422,902,opt
j.rnd.10x10.train.423,888,opt
j.rnd.10x10.train.424,800,opt
j.rnd.10x10.train.425,789,opt
j.rnd.10x10.train.426,846,opt
j.rnd.10x10.train.427,784,opt
j.rnd.10x10.train.428,811,opt
j.rnd.10x10.train.429,686,opt
j.rnd.10x10.train.430,816,opt
j.rnd.10x10.train.431,817,opt
j.rnd.10x10.train.432,925,opt
j.rnd.10x10.train.433,814,opt
j.rnd.10x10.train.434,743,opt
j.rnd.10x10.train.435,884,opt
j.rnd.10x10.train.436,838,opt
j.rnd.10x10.train.437,803,opt
j.rnd.10x10.train.438,886,opt
j.rnd.10x10.train.439,849,opt
j.rnd.10x10.train.440,917,opt
j.rnd.10x10.train.441,819,opt
j.rnd.10x10.train.442,915,opt
j.rnd.10x10.train.443,846,opt
j.rnd.10x10.train.444,833,opt
j.rnd.10x10.train.445,866,opt
j.rnd.10x10.train.446,724,opt
j.rnd.10x10.train.447,732,opt
j.rnd.10x10.train.448,851,opt
j.rnd.10x10.train.449,842,opt
j.rnd.10x10.train.450,772,opt
j.rnd.10x10.train.451,710,opt
j.rnd.10x10.train.452,867,opt
j.rnd.10x10.train.453,828,opt
j.rnd.10x10.train.454,880,opt
j.rnd.10x10.train.455,822,opt
j.rnd.10x10.train.456,851,opt
j.rnd.10x10.train.457,796,opt
j.rnd.10x10.train.458,763,opt
j.rnd.10x10.train.459,676,opt
j.rnd.10x10.train.460,855,opt
j.rnd.10x10.train.461,779,opt
j.rnd.10x10.train.462,743,opt
j.rnd.10x10.train.463,828,opt
j.rnd.10x10.train.464,870,opt
j.rnd.10x10.train.465,840,opt
j.rnd.10x10.train.466,735,opt
j.rnd.10x10.train.467,802,opt
j.rnd.10x10.train.468,777,opt
j.rnd.10x10.train.469,769,opt
j.rnd.10x10.train.470,866,opt
j.rnd.10x10.train.471,806,opt
j.rnd.10x10.train.472,800,opt
j.rnd.10x10.train.473,894,opt
j.rnd.10x10.train.474,797,opt
j.rnd.10x10.train.475,839,opt
j.rnd.10x10.train.476,886,opt
j.rnd.10x10.train.477,821,opt
j.rnd.10x10.train.478,841,opt
j.rnd.10x10.train.479,766,opt
j.rnd.10x10.train.480,746,opt
j.rnd.10x10.train.481,809,opt
j.rnd.10x10.train.482,811,opt
j.rnd.10x10.train.483,772,opt
j.rnd.10x10.train.484,822,opt
j.rnd.10x10.train.485,799,opt
j.rnd.10x10.train.486,844,opt
j.rnd.10x10.train.487,814,opt
j.rnd.10x10.train.488,775,opt
j.rnd.10x10.train.489,841,opt
j.rnd.10x10.train.490,849,opt
j.rnd.10x10.train.491,893,opt
j.rnd.10x10.train.492,827,opt
j.rnd.10x10.train.493,873,opt
j.rnd.10x10.train.494,853,opt
j.rnd.10x10.train.495,786,opt
j.rnd.10x10.train.496,830,opt
j.rnd.10x10.train.497,832,opt
j.rnd.10x10.train.498,811,opt
j.rnd.10x10.train.499,760,opt
j.rnd.10x10.train.500,882,opt
j.rnd.10x10.train.501,844,opt
j.rnd.10x10.train.502,817,opt
j.rnd.10x10.train.503,803,opt
j.rnd.10x10.train.504,896,opt
j.rnd.10x10.train.505,851,opt
j.rnd.10x10.train.506,792,opt
j.rnd.10x10.train.507,852,opt
j.rnd.10x10.train.508,807,opt
j.rnd.10x10.train.509,779,opt
j.rnd.10x10.train.510,777,opt
j.rnd.10x10.train.511,825,opt
j.rnd.10x10.train.512,767,opt
j.rnd.10x10.train.513,774,opt
j.rnd.10x10.train.514,809,opt
j.rnd.10x10.train.515,771,opt
j.rnd.10x10.train.516,907,opt
j.rnd.10x10.train.517,925,opt
j.rnd.10x10.train.518,871,opt
j.rnd.10x10.train.519,880,opt
j.rnd.10x10.train.520,817,opt
j.rnd.10x10.train.521,828,opt
j.rnd.10x10.train.522,923,opt
j.rnd.10x10.train.523,867,opt
j.rnd.10x10.train.524,862,opt
j.rnd.10x10.train.525,842,opt
j.rnd.10x10.train.526,745,opt
j.rnd.10x10.train.527,799,opt
j.rnd.10x10.train.528,824,opt
j.rnd.10x10.train.529,756,opt
j.rnd.10x10.train.530,813,opt
j.rnd.10x10.train.531,790,opt
j.rnd.10x10.train.532,813,opt
j.rnd.10x10.train.533,839,opt
j.rnd.10x10.train.534,717,opt
j.rnd.10x10.train.535,851,opt
j.rnd.10x10.train.536,739,opt
j.rnd.10x10.train.537,796,opt
j.rnd.10x10.train.538,863,opt
j.rnd.10x10.train.539,802,opt
j.rnd.10x10.train.540,817,opt
j.rnd.10x10.train.541,790,opt
j.rnd.10x10.train.542,734,opt
j.rnd.10x10.train.543,898,opt
j.rnd.10x10.train.544,833,opt
j.rnd.10x10.train.545,867,opt
j.rnd.10x10.train.546,763,opt
j.rnd.10x10.train.547,878,opt
j.rnd.10x10.train.548,859,opt
j.rnd.10x10.train.549,842,opt
j.rnd.10x10.train.550,786,opt
j.rnd.10x10.train.551,768,opt
j.rnd.10x10.train.552,869,opt
j.rnd.10x10.train.553,883,opt
j.rnd.10x10.train.554,834,opt
j.rnd.10x10.train.555,864,opt
j.rnd.10x10.train.556,769,opt
j.rnd.10x10.train.557,856,opt
j.rnd.10x10.train.558,834,opt
j.rnd.10x10.train.559,769,opt
j.rnd.10x10.train.560,864,opt
j.rnd.10x10.train.561,873,opt
j.rnd.10x10.train.562,862,opt
j.rnd.10x10.train.563,773,opt
j.rnd.10x10.train.564,839,opt
j.rnd.10x10.train.565,780,opt
j.rnd.10x10.train.566,831,opt
j.rnd.10x10.train.567,820,opt
j.rnd.10x10.train.568,798,opt
j.rnd.10x10.train.569,818,opt
j.rnd.10x10.train.570,784,opt
j.rnd.10x10.train.571,725,opt
j.rnd.10x10.train.572,789,opt
j.rnd.10x10.train.573,767,opt
j.rnd.10x10.train.574,890,opt
j.rnd.10x10.train.575,812,opt
j.rnd.10x10.train.576,896,opt
j.rnd.10x10.train.577,860,opt
j.rnd.10x10.train.578,918,opt
j.rnd.10x10.train.579,815,opt
j.rnd.10x10.train.580,861,opt
j.rnd.10x10.train.581,817,opt
j.rnd.10x10.train.582,770,opt
j.rnd.10x10.train.583,716,opt
j.rnd.10x10.train.584,842,opt
j.rnd.10x10.train.585,787,opt
j.rnd.10x10.train.586,853,opt
j.rnd.10x10.train.587,856,opt
j.rnd.10x10.train.588,836,opt
j.rnd.10x10.train.589,824,opt
j.rnd.10x10.train.590,879,opt
j.rnd.10x10.train.591,815,opt
j.rnd.10x10.train.592,877,opt
j.rnd.10x10.train.593,830,opt
j.rnd.10x10.train.594,749,opt
j.rnd.10x10.train.595,825,opt
j.rnd.10x10.train.596,718,opt
j.rnd.10x10.train.597,719,opt
j.rnd.10x10.train.598,873,opt
j.rnd.10x10.train.599,811,opt
j.rnd.10x10.train.600,823,opt
j.rnd.10x10.train.601,795,opt
j.rnd.10x10.train.602,801,opt
j.rnd.10x10.train.603,779,opt
j.rnd.10x10.train.604,769,opt
j.rnd.10x10.train.605,885,opt
j.rnd.10x10.train.606,880,opt
j.rnd.10x10.train.607,885,opt
j.rnd.10x10.train.608,866,opt
j.rnd.10x10.train.609,794,opt
j.rnd.10x10.train.610,839,opt
j.rnd.10x10.train.611,813,opt
j.rnd.10x10.train.612,848,opt
j.rnd.10x10.train.613,788,opt
j.rnd.10x10.train.614,746,opt
j.rnd.10x10.train.615,803,opt
j.rnd.10x10.train.616,877,opt
j.rnd.10x10.train.617,807,opt
j.rnd.10x10.train.618,713,opt
j.rnd.10x10.train.619,811,opt
j.rnd.10x10.train.620,809,opt
j.rnd.10x10.train.621,825,opt
j.rnd.10x10.train.622,836,opt
j.rnd.10x10.train.623,778,opt
j.rnd.10x10.train.624,882,opt
j.rnd.10x10.train.625,884,opt
j.rnd.10x10.train.626,887,opt
j.rnd.10x10.train.627,816,opt
j.rnd.10x10.train.628,840,opt
j.rnd.10x10.train.629,852,opt
j.rnd.10x10.train.630,801,opt
j.rnd.10x10.train.631,840,opt
j.rnd.10x10.train.632,829,opt
j.rnd.10x10.train.633,797,opt
j.rnd.10x10.train.634,875,opt
j.rnd.10x10.train.635,780,opt
j.rnd.10x10.train.636,852,opt
j.rnd.10x10.train.637,849,opt
j.rnd.10x10.train.638,827,opt
j.rnd.10x10.train.639,810,opt
j.rnd.10x10.train.640,717,opt
j.rnd.10x10.train.641,785,opt
j.rnd.10x10.train.642,831,opt
j.rnd.10x10.train.643,867,opt
j.rnd.10x10.train.644,849,opt
j.rnd.10x10.train.645,834,opt
j.rnd.10x10.train.646,816,opt
j.rnd.10x10.train.647,898,opt
j.rnd.10x10.train.648,862,opt
j.rnd.10x10.train.649,729,opt
j.rnd.10x10.train.650,881,opt
j.rnd.10x10.train.651,755,opt
j.rnd.10x10.train.652,818,opt
j.rnd.10x10.train.653,883,opt
j.rnd.10x10.train.654,856,opt
j.rnd.10x10.train.655,896,opt
j.rnd.10x10.train.656,765,opt
j.rnd.10x10.train.657,817,opt
j.rnd.10x10.train.658,938,opt
j.rnd.10x10.train.659,810,opt
j.rnd.10x10.train.660,719,opt
j.rnd.10x10.train.661,789,opt
j.rnd.10x10.train.662,823,opt
j.rnd.10x10.train.663,772,opt
j.rnd.10x10.train.664,796,opt
j.rnd.10x10.train.665,768,opt
j.rnd.10x10.train.666,878,opt
j.rnd.10x10.train.667,905,opt
j.rnd.10x10.train.668,812,opt
j.rnd.10x10.train.669,767,opt
j.rnd.10x10.train.670,808,opt
j.rnd.10x10.train.671,808,opt
j.rnd.10x10.train.672,766,opt
j.rnd.10x10.train.673,941,opt
j.rnd.10x10.train.674,819,opt
j.rnd.10x10.train.675,764,opt
j.rnd.10x10.train.676,797,opt
j.rnd.10x10.train.677,854,opt
j.rnd.10x10.train.678,708,opt
j.rnd.10x10.train.679,756,opt
j.rnd.10x10.train.680,760,opt
j.rnd.10x10.train.681,744,opt
j.rnd.10x10.train.682,772,opt
j.rnd.10x10.train.683,875,opt
j.rnd.10x10.train.684,942,opt
j.rnd.10x10.train.685,793,opt
j.rnd.10x10.train.686,770,opt
j.rnd.10x10.train.687,779,opt
j.rnd.10x10.train.688,816,opt
j.rnd.10x10.train.689,746,opt
j.rnd.10x10.train.690,799,opt
j.rnd.10x10.train.691,883,opt
j.rnd.10x10.train.692,934,opt
j.rnd.10x10.train.693,824,opt
j.rnd.10x10.train.694,804,opt
j.rnd.10x10.train.695,942,opt
j.rnd.10x10.train.696,801,opt
j.rnd.10x10.train.697,814,opt
j.rnd.10x10.train.698,753,opt
j.rnd.10x10.train.699,859,opt
j.rnd.10x10.train.700,703,opt
j.rnd.10x10.train.701,828,opt
j.rnd.10x10.train.702,794,opt
j.rnd.10x10.train.703,843,opt
j.rnd.10x10.train.704,825,opt
j.rnd.10x10.train.705,842,opt
j.rnd.10x10.train.706,733,opt
j.rnd.10x10.train.707,767,opt
j.rnd.10x10.train.708,862,opt
j.rnd.10x10.train.709,834,opt
j.rnd.10x10.train.710,970,opt
j.rnd.10x10.train.711,794,opt
j.rnd.10x10.train.712,827,opt
j.rnd.10x10.train.713,931,opt
j.rnd.10x10.train.714,845,opt
j.rnd.10x10.train.715,896,opt
j.rnd.10x10.train.716,730,opt
j.rnd.10x10.train.717,831,opt
j.rnd.10x10.train.718,755,opt
j.rnd.10x10.train.719,765,opt
j.rnd.10x10.train.720,913,opt
j.rnd.10x10.train.721,862,opt
j.rnd.10x10.train.722,754,opt
j.rnd.10x10.train.723,861,opt
j.rnd.10x10.train.724,844,opt
j.rnd.10x10.train.725,816,opt
j.rnd.10x10.train.726,809,opt
j.rnd.10x10.train.727,798,opt
j.rnd.10x10.train.728,789,opt
j.rnd.10x10.train.729,815,opt
j.rnd.10x10.train.730,794,opt
j.rnd.10x10.train.731,834,opt
j.rnd.10x10.train.732,829,opt
j.rnd.10x10.train.733,775,opt
j.rnd.10x10.train.734,799,opt
j.rnd.10x10.train.735,833,opt
j.rnd.10x10.train.736,817,opt
j.rnd.10x10.train.737,805,opt
j.rnd.10x10.train.738,810,opt
j.rnd.10x10.train.739,790,opt
j.rnd.10x10.train.740,774,opt
j.rnd.10x10.train.741,771,opt
j.rnd.10x10.train.742,807,opt
j.rnd.10x10.train.743,846,opt
j.rnd.10x10.train.744,881,opt
j.rnd.10x10.train.745,755,opt
j.rnd.10x10.train.746,879,opt
j.rnd.10x10.train.747,756,opt
j.rnd.10x10.train.748,736,opt
j.rnd.10x10.train.749,848,opt
j.rnd.10x10.train.750,827,opt
j.rnd.10x10.train.751,819,opt
j.rnd.10x10.train.752,908,opt
j.rnd.10x10.train.753,893,opt
j.rnd.10x10.train.754,852,opt
j.rnd.10x10.train.755,777,opt
j.rnd.10x10.train.756,938,opt
j.rnd.10x10.train.757,802,opt
j.rnd.10x10.train.758,878,opt
j.rnd.10x10.train.759,808,opt
j.rnd.10x10.train.760,748,opt
j.rnd.10x10.train.761,917,opt
j.rnd.10x10.train.762,802,opt
j.rnd.10x10.train.763,741,opt
j.rnd.10x10.train.764,814,opt
j.rnd.10x10.train.765,852,opt
j.rnd.10x10.train.766,849,opt
j.rnd.10x10.train.767,837,opt
j.rnd.10x10.train.768,869,opt
j.rnd.10x10.train.769,732,opt
j.rnd.10x10.train.770,792,opt
j.rnd.10x10.train.771,779,opt
j.rnd.10x10.train.772,799,opt
j.rnd.10x10.train.773,842,opt
j.rnd.10x10.train.774,806,opt
j.rnd.10x10.train.775,894,opt
j.rnd.10x10.train.776,800,opt
j.rnd.10x10.train.777,795,opt
j.rnd.10x10.train.778,850,opt
j.rnd.10x10.train.779,763,opt
j.rnd.10x10.train.780,917,opt
j.rnd.10x10.train.781,832,opt
j.rnd.10x10.train.782,785,opt
j.rnd.10x10.train.783,777,opt
j.rnd.10x10.train.784,726,opt
j.rnd.10x10.train.785,772,opt
j.rnd.10x10.train.786,895,opt
j.rnd.10x10.train.787,809,opt
j.rnd.10x10.train.788,774,opt
j.rnd.10x10.train.789,782,opt
j.rnd.10x10.train.790,742,opt
j.rnd.10x10.train.791,764,opt
j.rnd.10x10.train.792,888,opt
j.rnd.10x10.train.793,777,opt
j.rnd.10x10.train.794,744,opt
j.rnd.10x10.train.795,798,opt
j.rnd.10x10.train.796,815,opt
j.rnd.10x10.train.797,832,opt
j.rnd.10x10.train.798,851,opt
j.rnd.10x10.train.799,825,opt
j.rnd.10x10.train.800,802,opt
j.rnd.10x10.train.801,789,opt
j.rnd.10x10.train.802,833,opt
j.rnd.10x10.train.803,700,opt
j.rnd.10x10.train.804,863,opt
j.rnd.10x10.train.805,871,opt
j.rnd.10x10.train.806,780,opt
j.rnd.10x10.train.807,843,opt
j.rnd.10x10.train.808,795,opt
j.rnd.10x10.train.809,822,opt
j.rnd.10x10.train.810,827,opt
j.rnd.10x10.train.811,871,opt
j.rnd.10x10.train.812,799,opt
j.rnd.10x10.train.813,732,opt
j.rnd.10x10.train.814,851,opt
j.rnd.10x10.train.815,741,opt
j.rnd.10x10.train.816,791,opt
j.rnd.10x10.train.817,808,opt
j.rnd.10x10.train.818,814,opt
j.rnd.10x10.train.819,749,opt
j.rnd.10x10.train.820,932,opt
j.rnd.10x10.train.821,845,opt
j.rnd.10x10.train.822,901,opt
j.rnd.10x10.train.823,783,opt
j.rnd.10x10.train.824,830,opt
j.rnd.10x10.train.825,736,opt
j.rnd.10x10.train.826,801,opt
j.rnd.10x10.train.827,828,opt
j.rnd.10x10.train.828,803,opt
j.rnd.10x10.train.829,850,opt
j.rnd.10x10.train.830,925,opt
j.rnd.10x10.train.831,833,opt
j.rnd.10x10.train.832,839,opt
j.rnd.10x10.train.833,877,opt
j.rnd.10x10.train.834,770,opt
j.rnd.10x10.train.835,877,opt
j.rnd.10x10.train.836,734,opt
j.rnd.10x10.train.837,822,opt
j.rnd.10x10.train.838,878,opt
j.rnd.10x10.train.839,901,opt
j.rnd.10x10.train.840,751,opt
j.rnd.10x10.train.841,833,opt
j.rnd.10x10.train.842,765,opt
j.rnd.10x10.train.843,834,opt
j.rnd.10x10.train.844,789,opt
j.rnd.10x10.train.845,766,opt
j.rnd.10x10.train.846,890,opt
j.rnd.10x10.train.847,853,opt
j.rnd.10x10.train.848,784,opt
j.rnd.10x10.train.849,776,opt
j.rnd.10x10.train.850,851,opt
j.rnd.10x10.train.851,823,opt
j.rnd.10x10.train.852,879,opt
j.rnd.10x10.train.853,725,opt
j.rnd.10x10.train.854,800,opt
j.rnd.10x10.train.855,798,opt
j.rnd.10x10.train.856,876,opt
j.rnd.10x10.train.857,793,opt
j.rnd.10x10.train.858,796,opt
j.rnd.10x10.train.859,839,opt
j.rnd.10x10.train.860,885,opt
j.rnd.10x10.train.861,735,opt
j.rnd.10x10.train.862,816,opt
j.rnd.10x10.train.863,875,opt
j.rnd.10x10.train.864,905,opt
j.rnd.10x10.train.865,788,opt
j.rnd.10x10.train.866,795,opt
j.rnd.10x10.train.867,729,opt
j.rnd.10x10.train.868,879,opt
j.rnd.10x10.train.869,754,opt
j.rnd.10x10.train.870,878,opt
j.rnd.10x10.train.871,823,opt
j.rnd.10x10.train.872,807,opt
j.rnd.10x10.train.873,945,opt
j.rnd.10x10.train.874,827,opt
j.rnd.10x10.train.875,813,opt
j.rnd.10x10.train.876,855,opt
j.rnd.10x10.train.877,767,opt
j.rnd.10x10.train.878,750,opt
j.rnd.10x10.train.879,812,opt
j.rnd.10x10.train.880,734,opt
j.rnd.10x10.train.881,808,opt
j.rnd.10x10.train.882,798,opt
j.rnd.10x10.train.883,792,opt
j.rnd.10x10.train.884,744,opt
j.rnd.10x10.train.885,838,opt
j.rnd.10x10.train.886,816,opt
j.rnd.10x10.train.887,851,opt
j.rnd.10x10.train.888,767,opt
j.rnd.10x10.train.889,855,opt
j.rnd.10x10.train.890,796,opt
j.rnd.10x10.train.891,703,opt
j.rnd.10x10.train.892,809,opt
j.rnd.10x10.train.893,908,opt
j.rnd.10x10.train.894,872,opt
j.rnd.10x10.train.895,834,opt
j.rnd.10x10.train.896,805,opt
j.rnd.10x10.train.897,813,opt
j.rnd.10x10.train.898,872,opt
j.rnd.10x10.train.899,759,opt
j.rnd.10x10.train.900,707,opt
j.rnd.10x10.train.901,870,opt
j.rnd.10x10.train.902,834,opt
j.rnd.10x10.train.903,778,opt
j.rnd.10x10.train.904,722,opt
j.rnd.10x10.train.905,777,opt
j.rnd.10x10.train.906,754,opt
j.rnd.10x10.train.907,770,opt
j.rnd.10x10.train.908,823,opt
j.rnd.10x10.train.909,789,opt
j.rnd.10x10.train.910,683,opt
j.rnd.10x10.train.911,794,opt
j.rnd.10x10.train.912,824,opt
j.rnd.10x10.train.913,799,opt
j.rnd.10x10.train.914,803,opt
j.rnd.10x10.train.915,801,opt
j.rnd.10x10.train.916,891,opt
j.rnd.10x10.train.917,835,opt
j.rnd.10x10.train.918,782,opt
j.rnd.10x10.train.919,847,opt
j.rnd.10x10.train.920,745,opt
j.rnd.10x10.train.921,805,opt
j.rnd.10x10.train.922,807,opt
j.rnd.10x10.train.923,726,opt
j.rnd.10x10.train.924,882,opt
j.rnd.10x10.train.925,847,opt
j.rnd.10x10.train.926,810,opt
j.rnd.10x10.train.927,879,opt
j.rnd.10x10.train.928,799,opt
j.rnd.10x10.train.929,778,opt
j.rnd.10x10.train.930,783,opt
j.rnd.10x10.train.931,725,opt
j.rnd.10x10.train.932,863,opt
j.rnd.10x10.train.933,719,opt
j.rnd.10x10.train.934,774,opt
j.rnd.10x10.train.935,826,opt
j.rnd.10x10.train.936,923,opt
j.rnd.10x10.train.937,809,opt
j.rnd.10x10.train.938,944,opt
j.rnd.10x10.train.939,811,opt
j.rnd.10x10.train.940,785,opt
j.rnd.10x10.train.941,791,opt
j.rnd.10x10.train.942,826,opt
j.rnd.10x10.train.943,782,opt
j.rnd.10x10.train.944,809,opt
j.rnd.10x10.train.945,850,opt
j.rnd.10x10.train.946,764,opt
j.rnd.10x10.train.947,764,opt
j.rnd.10x10.train.948,842,opt
j.rnd.10x10.train.949,804,opt
j.rnd.10x10.train.950,786,opt
j.rnd.10x10.train.951,916,opt
j.rnd.10x10.train.952,771,opt
j.rnd.10x10.train.953,785,opt
j.rnd.10x10.train.954,876,opt
j.rnd.10x10.train.955,839,opt
j.rnd.10x10.train.956,759,opt
j.rnd.10x10.train.957,837,opt
j.rnd.10x10.train.958,893,opt
j.rnd.10x10.train.959,867,opt
j.rnd.10x10.train.960,807,opt
j.rnd.10x10.train.961,737,opt
j.rnd.10x10.train.962,930,opt
j.rnd.10x10.train.963,779,opt
j.rnd.10x10.train.964,772,opt
j.rnd.10x10.train.965,842,opt
j.rnd.10x10.train.966,804,opt
j.rnd.10x10.train.967,783,opt
j.rnd.10x10.train.968,784,opt
j.rnd.10x10.train.969,819,opt
j.rnd.10x10.train.970,879,opt
j.rnd.10x10.train.971,842,opt
j.rnd.10x10.train.972,706,opt
j.rnd.10x10.train.973,782,opt
j.rnd.10x10.train.974,817,opt
j.rnd.10x10.train.975,783,opt
j.rnd.10x10.train.976,801,opt
j.rnd.10x10.train.977,799,opt
j.rnd.10x10.train.978,772,opt
j.rnd.10x10.train.979,882,opt
j.rnd.10x10.train.980,928,opt
j.rnd.10x10.train.981,820,opt
j.rnd.10x10.train.982,884,opt
j.rnd.10x10.train.983,817,opt
j.rnd.10x10.train.984,826,opt
j.rnd.10x10.train.985,713,opt
j.rnd.10x10.train.986,810,opt
j.rnd.10x10.train.987,832,opt
j.rnd.10x10.train.988,826,opt
j.rnd.10x10.train.989,825,opt
j.rnd.10x10.train.990,829,opt
j.rnd.10x10.train.991,824,opt
j.rnd.10x10.train.992,839,opt
j.rnd.10x10.train.993,903,opt
j.rnd.10x10.train.994,835,opt
j.rnd.10x10.train.995,862,opt
j.rnd.10x10.train.996,863,opt
j.rnd.10x10.train.997,905,opt
j.rnd.10x10.train.998,780,opt
j.rnd.10x10.train.999,751,opt
j.rnd.10x10.train.1000,733,opt
j.rnd.10x10.train.1001,712,opt
j.rnd.10x10.train.1002,822,opt
j.rnd.10x10.train.1003,870,opt
j.rnd.10x10.train.1004,748,opt
j.rnd.10x10.train.1005,836,opt
j.rnd.10x10.train.1006,845,opt
j.rnd.10x10.train.1007,799,opt
j.rnd.10x10.train.1008,758,opt
j.rnd.10x10.train.1009,925,opt
j.rnd.10x10.train.1010,794,opt
j.rnd.10x10.train.1011,904,opt
j.rnd.10x10.train.1012,904,opt
j.rnd.10x10.train.1013,828,opt
j.rnd.10x10.train.1014,803,opt
j.rnd.10x10.train.1015,768,opt
j.rnd.10x10.train.1016,790,opt
j.rnd.10x10.train.1017,812,opt
j.rnd.10x10.train.1018,777,opt
j.rnd.10x10.train.1019,785,opt
j.rnd.10x10.train.1020,761,opt
j.rnd.10x10.train.1021,741,opt
j.rnd.10x10.train.1022,794,opt
j.rnd.10x10.train.1023,860,opt
j.rnd.10x10.train.1024,773,opt
j.rnd.10x10.train.1025,801,opt
j.rnd.10x10.train.1026,828,opt
j.rnd.10x10.train.1027,827,opt
j.rnd.10x10.train.1028,822,opt
j.rnd.10x10.train.1029,876,opt
j.rnd.10x10.train.1030,744,opt
j.rnd.10x10.train.1031,750,opt
j.rnd.10x10.train.1032,784,opt
j.rnd.10x10.train.1033,799,opt
j.rnd.10x10.train.1034,846,opt
j.rnd.10x10.train.1035,758,opt
j.rnd.10x10.train.1036,823,opt
j.rnd.10x10.train.1037,742,opt
j.rnd.10x10.train.1038,778,opt
j.rnd.10x10.train.1039,755,opt
j.rnd.10x10.train.1040,915,opt
j.rnd.10x10.train.1041,724,opt
j.rnd.10x10.train.1042,837,opt
j.rnd.10x10.train.1043,760,opt
j.rnd.10x10.train.1044,767,opt
j.rnd.10x10.train.1045,842,opt
j.rnd.10x10.train.1046,859,opt
j.rnd.10x10.train.1047,869,opt
j.rnd.10x10.train.1048,819,opt
j.rnd.10x10.train.1049,855,opt
j.rnd.10x10.train.1050,830,opt
j.rnd.10x10.train.1051,871,opt
j.rnd.10x10.train.1052,833,opt
j.rnd.10x10.train.1053,860,opt
j.rnd.10x10.train.1054,816,opt
j.rnd.10x10.train.1055,834,opt
j.rnd.10x10.train.1056,774,opt
j.rnd.10x10.train.1057,858,opt
j.rnd.10x10.train.1058,817,opt
j.rnd.10x10.train.1059,767,opt
j.rnd.10x10.train.1060,758,opt
j.rnd.10x10.train.1061,758,opt
j.rnd.10x10.train.1062,763,opt
j.rnd.10x10.train.1063,868,opt
j.rnd.10x10.train.1064,759,opt
j.rnd.10x10.train.1065,824,opt
j.rnd.10x10.train.1066,865,opt
j.rnd.10x10.train.1067,792,opt
j.rnd.10x10.train.1068,846,opt
j.rnd.10x10.train.1069,838,opt
j.rnd.10x10.train.1070,955,opt
j.rnd.10x10.train.1071,869,opt
j.rnd.10x10.train.1072,904,opt
j.rnd.10x10.train.1073,821,opt
j.rnd.10x10.train.1074,816,opt
j.rnd.10x10.train.1075,789,opt
j.rnd.10x10.train.1076,764,opt
j.rnd.10x10.train.1077,815,opt
j.rnd.10x10.train.1078,862,opt
j.rnd.10x10.train.1079,831,opt
j.rnd.10x10.train.1080,905,opt
j.rnd.10x10.train.1081,845,opt
j.rnd.10x10.train.1082,805,opt
j.rnd.10x10.train.1083,839,opt
j.rnd.10x10.train.1084,897,opt
j.rnd.10x10.train.1085,826,opt
j.rnd.10x10.train.1086,813,opt
j.rnd.10x10.train.1087,804,opt
j.rnd.10x10.train.1088,853,opt
j.rnd.10x10.train.1089,814,opt
j.rnd.10x10.train.1090,760,opt
j.rnd.10x10.train.1091,851,opt
j.rnd.10x10.train.1092,858,opt
j.rnd.10x10.train.1093,874,opt
j.rnd.10x10.train.1094,871,opt
j.rnd.10x10.train.1095,870,opt
j.rnd.10x10.train.1096,837,opt
j.rnd.10x10.train.1097,856,opt
j.rnd.10x10.train.1098,732,opt
j.rnd.10x10.train.1099,820,opt
j.rnd.10x10.train.1100,881,opt
j.rnd.10x10.train.1101,837,opt
j.rnd.10x10.train.1102,767,opt
j.rnd.10x10.train.1103,837,opt
j.rnd.10x10.train.1104,828,opt
j.rnd.10x10.train.1105,791,opt
j.rnd.10x10.train.1106,878,opt
j.rnd.10x10.train.1107,858,opt
j.rnd.10x10.train.1108,799,opt
j.rnd.10x10.train.1109,819,opt
j.rnd.10x10.train.1110,808,opt
j.rnd.10x10.train.1111,820,opt
j.rnd.10x10.train.1112,802,opt
j.rnd.10x10.train.1113,788,opt
j.rnd.10x10.train.1114,833,opt
j.rnd.10x10.train.1115,890,opt
j.rnd.10x10.train.1116,845,opt
j.rnd.10x10.train.1117,849,opt
j.rnd.10x10.train.1118,814,opt
j.rnd.10x10.train.1119,747,opt
j.rnd.10x10.train.1120,795,opt
j.rnd.10x10.train.1121,722,opt
j.rnd.10x10.train.1122,847,opt
j.rnd.10x10.train.1123,892,opt
j.rnd.10x10.train.1124,857,opt
j.rnd.10x10.train.1125,781,opt
j.rnd.10x10.train.1126,865,opt
j.rnd.10x10.train.1127,794,opt
j.rnd.10x10.train.1128,745,opt
j.rnd.10x10.train.1129,752,opt
j.rnd.10x10.train.1130,742,opt
j.rnd.10x10.train.1131,762,opt
j.rnd.10x10.train.1132,799,opt
j.rnd.10x10.train.1133,784,opt
j.rnd.10x10.train.1134,852,opt
j.rnd.10x10.train.1135,918,opt
j.rnd.10x10.train.1136,816,opt
j.rnd.10x10.train.1137,805,opt
j.rnd.10x10.train.1138,802,opt
j.rnd.10x10.train.1139,843,opt
j.rnd.10x10.train.1140,771,opt
j.rnd.10x10.train.1141,731,opt
j.rnd.10x10.train.1142,786,opt
j.rnd.10x10.train.1143,862,opt
j.rnd.10x10.train.1144,744,opt
j.rnd.10x10.train.1145,776,opt
j.rnd.10x10.train.1146,875,opt
j.rnd.10x10.train.1147,869,opt
j.rnd.10x10.train.1148,904,opt
j.rnd.10x10.train.1149,872,opt
j.rnd.10x10.train.1150,817,opt
j.rnd.10x10.train.1151,785,opt
j.rnd.10x10.train.1152,827,opt
j.rnd.10x10.train.1153,801,opt
j.rnd.10x10.train.1154,814,opt
j.rnd.10x10.train.1155,791,opt
j.rnd.10x10.train.1156,816,opt
j.rnd.10x10.train.1157,830,opt
j.rnd.10x10.train.1158,803,opt
j.rnd.10x10.train.1159,844,opt
j.rnd.10x10.train.1160,848,opt
j.rnd.10x10.train.1161,824,opt
j.rnd.10x10.train.1162,792,opt
j.rnd.10x10.train.1163,715,opt
j.rnd.10x10.train.1164,775,opt
j.rnd.10x10.train.1165,907,opt
j.rnd.10x10.train.1166,808,opt
j.rnd.10x10.train.1167,833,opt
j.rnd.10x10.train.1168,786,opt
j.rnd.10x10.train.1169,832,opt
j.rnd.10x10.train.1170,738,opt
j.rnd.10x10.train.1171,872,opt
j.rnd.10x10.train.1172,841,opt
j.rnd.10x10.train.1173,855,opt
j.rnd.10x10.train.1174,723,opt
j.rnd.10x10.train.1175,853,opt
j.rnd.10x10.train.1176,851,opt
j.rnd.10x10.train.1177,821,opt
j.rnd.10x10.train.1178,785,opt
j.rnd.10x10.train.1179,929,opt
j.rnd.10x10.train.1180,991,opt
j.rnd.10x10.train.1181,738,opt
j.rnd.10x10.train.1182,843,opt
j.rnd.10x10.train.1183,836,opt
j.rnd.10x10.train.1184,862,opt
j.rnd.10x10.train.1185,880,opt
j.rnd.10x10.train.1186,812,opt
j.rnd.10x10.train.1187,743,opt
j.rnd.10x10.train.1188,776,opt
j.rnd.10x10.train.1189,809,opt
j.rnd.10x10.train.1190,829,opt
j.rnd.10x10.train.1191,756,opt
j.rnd.10x10.train.1192,789,opt
j.rnd.10x10.train.1193,877,opt
j.rnd.10x10.train.1194,781,opt
j.rnd.10x10.train.1195,845,opt
j.rnd.10x10.train.1196,771,opt
j.rnd.10x10.train.1197,841,opt
j.rnd.10x10.train.1198,774,opt
j.rnd.10x10.train.1199,779,opt
j.rnd.10x10.train.1200,831,opt
j.rnd.10x10.train.1201,861,opt
j.rnd.10x10.train.1202,819,opt
j.rnd.10x10.train.1203,808,opt
j.rnd.10x10.train.1204,749,opt
j.rnd.10x10.train.1205,872,opt
j.rnd.10x10.train.1206,878,opt
j.rnd.10x10.train.1207,853,opt
j.rnd.10x10.train.1208,786,opt
j.rnd.10x10.train.1209,863,opt
j.rnd.10x10.train.1210,788,opt
j.rnd.10x10.train.1211,850,opt
j.rnd.10x10.train.1212,818,opt
j.rnd.10x10.train.1213,889,opt
j.rnd.10x10.train.1214,845,opt
j.rnd.10x10.train.1215,963,opt
j.rnd.10x10.train.1216,834,opt
j.rnd.10x10.train.1217,848,opt
j.rnd.10x10.train.1218,818,opt
j.rnd.10x10.train.1219,867,opt
j.rnd.10x10.train.1220,744,opt
j.rnd.10x10.train.1221,866,opt
j.rnd.10x10.train.1222,865,opt
j.rnd.10x10.train.1223,789,opt
j.rnd.10x10.train.1224,829,opt
j.rnd.10x10.train.1225,759,opt
j.rnd.10x10.train.1226,729,opt
j.rnd.10x10.train.1227,704,opt
j.rnd.10x10.train.1228,810,opt
j.rnd.10x10.train.1229,853,opt
j.rnd.10x10.train.1230,844,opt
j.rnd.10x10.train.1231,801,opt
j.rnd.10x10.train.1232,809,opt
j.rnd.10x10.train.1233,818,opt
j.rnd.10x10.train.1234,783,opt
j.rnd.10x10.train.1235,831,opt
j.rnd.10x10.train.1236,806,opt
j.rnd.10x10.train.1237,880,opt
j.rnd.10x10.train.1238,818,opt
j.rnd.10x10.train.1239,744,opt
j.rnd.10x10.train.1240,840,opt
j.rnd.10x10.train.1241,802,opt
j.rnd.10x10.train.1242,810,opt
j.rnd.10x10.train.1243,840,opt
j.rnd.10x10.train.1244,763,opt
j.rnd.10x10.train.1245,865,opt
j.rnd.10x10.train.1246,813,opt
j.rnd.10x10.train.1247,799,opt
j.rnd.10x10.train.1248,836,opt
j.rnd.10x10.train.1249,864,opt
j.rnd.10x10.train.1250,818,opt
j.rnd.10x10.train.1251,778,opt
j.rnd.10x10.train.1252,835,opt
j.rnd.10x10.train.1253,755,opt
j.rnd.10x10.train.1254,785,opt
j.rnd.10x10.train.1255,777,opt
j.rnd.10x10.train.1256,856,opt
j.rnd.10x10.train.1257,832,opt
j.rnd.10x10.train.1258,736,opt
j.rnd.10x10.train.1259,736,opt
j.rnd.10x10.train.1260,898,opt
j.rnd.10x10.train.1261,786,opt
j.rnd.10x10.train.1262,870,opt
j.rnd.10x10.train.1263,885,opt
j.rnd.10x10.train.1264,778,opt
j.rnd.10x10.train.1265,811,opt
j.rnd.10x10.train.1266,793,opt
j.rnd.10x10.train.1267,969,opt
j.rnd.10x10.train.1268,852,opt
j.rnd.10x10.train.1269,822,opt
j.rnd.10x10.train.1270,850,opt
j.rnd.10x10.train.1271,863,opt
j.rnd.10x10.train.1272,760,opt
j.rnd.10x10.train.1273,862,opt
j.rnd.10x10.train.1274,817,opt
j.rnd.10x10.train.1275,861,opt
j.rnd.10x10.train.1276,831,opt
j.rnd.10x10.train.1277,737,opt
j.rnd.10x10.train.1278,758,opt
j.rnd.10x10.train.1279,796,opt
j.rnd.10x10.train.1280,810,opt
j.rnd.10x10.train.1281,805,opt
j.rnd.10x10.train.1282,819,opt
j.rnd.10x10.train.1283,767,opt
j.rnd.10x10.train.1284,775,opt
j.rnd.10x10.train.1285,788,opt
j.rnd.10x10.train.1286,812,opt
j.rnd.10x10.train.1287,747,opt
j.rnd.10x10.train.1288,776,opt
j.rnd.10x10.train.1289,884,opt
j.rnd.10x10.train.1290,873,opt
j.rnd.10x10.train.1291,770,opt
j.rnd.10x10.train.1292,808,opt
j.rnd.10x10.train.1293,835,opt
j.rnd.10x10.train.1294,902,opt
j.rnd.10x10.train.1295,781,opt
j.rnd.10x10.train.1296,850,opt
j.rnd.10x10.train.1297,817,opt
j.rnd.10x10.train.1298,812,opt
j.rnd.10x10.train.1299,771,opt
j.rnd.10x10.train.1300,855,opt
j.rnd.10x10.train.1301,893,opt
j.rnd.10x10.train.1302,879,opt
j.rnd.10x10.train.1303,852,opt
j.rnd.10x10.train.1304,810,opt
j.rnd.10x10.train.1305,755,opt
j.rnd.10x10.train.1306,836,opt
j.rnd.10x10.train.1307,794,opt
j.rnd.10x10.train.1308,815,opt
j.rnd.10x10.train.1309,822,opt
j.rnd.10x10.train.1310,804,opt
j.rnd.10x10.train.1311,783,opt
j.rnd.10x10.train.1312,751,opt
j.rnd.10x10.train.1313,859,opt
j.rnd.10x10.train.1314,754,opt
j.rnd.10x10.train.1315,893,opt
j.rnd.10x10.train.1316,828,opt
j.rnd.10x10.train.1317,777,opt
j.rnd.10x10.train.1318,799,opt
j.rnd.10x10.train.1319,847,opt
j.rnd.10x10.train.1320,727,opt
j.rnd.10x10.train.1321,822,opt
j.rnd.10x10.train.1322,761,opt
j.rnd.10x10.train.1323,1005,opt
j.rnd.10x10.train.1324,840,opt
j.rnd.10x10.train.1325,865,opt
j.rnd.10x10.train.1326,822,opt
j.rnd.10x10.train.1327,928,opt
j.rnd.10x10.train.1328,848,opt
j.rnd.10x10.train.1329,794,opt
j.rnd.10x10.train.1330,837,opt
j.rnd.10x10.train.1331,854,opt
j.rnd.10x10.train.1332,824,opt
j.rnd.10x10.train.1333,865,opt
j.rnd.10x10.train.1334,726,opt
j.rnd.10x10.train.1335,878,opt
j.rnd.10x10.train.1336,829,opt
j.rnd.10x10.train.1337,775,opt
j.rnd.10x10.train.1338,878,opt
j.rnd.10x10.train.1339,786,opt
j.rnd.10x10.train.1340,906,opt
j.rnd.10x10.train.1341,752,opt
j.rnd.10x10.train.1342,787,opt
j.rnd.10x10.train.1343,840,opt
j.rnd.10x10.train.1344,816,opt
j.rnd.10x10.train.1345,782,opt
j.rnd.10x10.train.1346,787,opt
j.rnd.10x10.train.1347,815,opt
j.rnd.10x10.train.1348,810,opt
j.rnd.10x10.train.1349,838,opt
j.rnd.10x10.train.1350,768,opt
j.rnd.10x10.train.1351,755,opt
j.rnd.10x10.train.1352,877,opt
j.rnd.10x10.train.1353,823,opt
j.rnd.10x10.train.1354,779,opt
j.rnd.10x10.train.1355,834,opt
j.rnd.10x10.train.1356,723,opt
j.rnd.10x10.train.1357,940,opt
j.rnd.10x10.train.1358,807,opt
j.rnd.10x10.train.1359,879,opt
j.rnd.10x10.train.1360,774,opt
j.rnd.10x10.train.1361,784,opt
j.rnd.10x10.train.1362,779,opt
j.rnd.10x10.train.1363,703,opt
j.rnd.10x10.train.1364,781,opt
j.rnd.10x10.train.1365,919,opt
j.rnd.10x10.train.1366,832,opt
j.rnd.10x10.train.1367,816,opt
j.rnd.10x10.train.1368,756,opt
j.rnd.10x10.train.1369,870,opt
j.rnd.10x10.train.1370,806,opt
j.rnd.10x10.train.1371,779,opt
j.rnd.10x10.train.1372,755,opt
j.rnd.10x10.train.1373,837,opt
j.rnd.10x10.train.1374,776,opt
j.rnd.10x10.train.1375,791,opt
j.rnd.10x10.train.1376,780,opt
j.rnd.10x10.train.1377,843,opt
j.rnd.10x10.train.1378,759,opt
j.rnd.10x10.train.1379,821,opt
j.rnd.10x10.train.1380,810,opt
j.rnd.10x10.train.1381,841,opt
j.rnd.10x10.train.1382,793,opt
j.rnd.10x10.train.1383,814,opt
j.rnd.10x10.train.1384,868,opt
j.rnd.10x10.train.1385,818,opt
j.rnd.10x10.train.1386,818,opt
j.rnd.10x10.train.1387,836,opt
j.rnd.10x10.train.1388,932,opt
j.rnd.10x10.train.1389,794,opt
j.rnd.10x10.train.1390,789,opt
j.rnd.10x10.train.1391,901,opt
j.rnd.10x10.train.1392,752,opt
j.rnd.10x10.train.1393,796,opt
j.rnd.10x10.train.1394,862,opt
j.rnd.10x10.train.1395,833,opt
j.rnd.10x10.train.1396,861,opt
j.rnd.10x10.train.1397,773,opt
j.rnd.10x10.train.1398,848,opt
j.rnd.10x10.train.1399,854,opt
j.rnd.10x10.train.1400,776,opt
j.rnd.10x10.train.1401,835,opt
j.rnd.10x10.train.1402,835,opt
j.rnd.10x10.train.1403,727,opt
j.rnd.10x10.train.1404,875,opt
j.rnd.10x10.train.1405,819,opt
j.rnd.10x10.train.1406,877,opt
j.rnd.10x10.train.1407,833,opt
j.rnd.10x10.train.1408,748,opt
j.rnd.10x10.train.1409,798,opt
j.rnd.10x10.train.1410,879,opt
j.rnd.10x10.train.1411,860,opt
j.rnd.10x10.train.1412,827,opt
j.rnd.10x10.train.1413,851,opt
j.rnd.10x10.train.1414,791,opt
j.rnd.10x10.train.1415,781,opt
j.rnd.10x10.train.1416,852,opt
j.rnd.10x10.train.1417,856,opt
j.rnd.10x10.train.1418,752,opt
j.rnd.10x10.train.1419,792,opt
j.rnd.10x10.train.1420,762,opt
j.rnd.10x10.train.1421,831,opt
j.rnd.10x10.train.1422,759,opt
j.rnd.10x10.train.1423,745,opt
j.rnd.10x10.train.1424,798,opt
j.rnd.10x10.train.1425,790,opt
j.rnd.10x10.train.1426,788,opt
j.rnd.10x10.train.1427,773,opt
j.rnd.10x10.train.1428,893,opt
j.rnd.10x10.train.1429,784,opt
j.rnd.10x10.train.1430,799,opt
j.rnd.10x10.train.1431,823,opt
j.rnd.10x10.train.1432,737,opt
j.rnd.10x10.train.1433,807,opt
j.rnd.10x10.train.1434,827,opt
j.rnd.10x10.train.1435,786,opt
j.rnd.10x10.train.1436,851,opt
j.rnd.10x10.train.1437,846,opt
j.rnd.10x10.train.1438,852,opt
j.rnd.10x10.train.1439,809,opt
j.rnd.10x10.train.1440,798,opt
j.rnd.10x10.train.1441,849,opt
j.rnd.10x10.train.1442,842,opt
j.rnd.10x10.train.1443,838,opt
j.rnd.10x10.train.1444,777,opt
j.rnd.10x10.train.1445,833,opt
j.rnd.10x10.train.1446,867,opt
j.rnd.10x10.train.1447,826,opt
j.rnd.10x10.train.1448,855,opt
j.rnd.10x10.train.1449,815,opt
j.rnd.10x10.train.1450,762,opt
j.rnd.10x10.train.1451,817,opt
j.rnd.10x10.train.1452,722,opt
j.rnd.10x10.train.1453,903,opt
j.rnd.10x10.train.1454,768,opt
j.rnd.10x10.train.1455,908,opt
j.rnd.10x10.train.1456,781,opt
j.rnd.10x10.train.1457,772,opt
j.rnd.10x10.train.1458,830,opt
j.rnd.10x10.train.1459,874,opt
j.rnd.10x10.train.1460,739,opt
j.rnd.10x10.train.1461,720,opt
j.rnd.10x10.train.1462,790,opt
j.rnd.10x10.train.1463,736,opt
j.rnd.10x10.train.1464,750,opt
j.rnd.10x10.train.1465,766,opt
j.rnd.10x10.train.1466,831,opt
j.rnd.10x10.train.1467,834,opt
j.rnd.10x10.train.1468,768,opt
j.rnd.10x10.train.1469,819,opt
j.rnd.10x10.train.1470,824,opt
j.rnd.10x10.train.1471,804,opt
j.rnd.10x10.train.1472,865,opt
j.rnd.10x10.train.1473,706,opt
j.rnd.10x10.train.1474,885,opt
j.rnd.10x10.train.1475,812,opt
j.rnd.10x10.train.1476,808,opt
j.rnd.10x10.train.1477,856,opt
j.rnd.10x10.train.1478,766,opt
j.rnd.10x10.train.1479,764,opt
j.rnd.10x10.train.1480,798,opt
j.rnd.10x10.train.1481,842,opt
j.rnd.10x10.train.1482,878,opt
j.rnd.10x10.train.1483,753,opt
j.rnd.10x10.train.1484,732,opt
j.rnd.10x10.train.1485,747,opt
j.rnd.10x10.train.1486,777,opt
j.rnd.10x10.train.1487,737,opt
j.rnd.10x10.train.1488,788,opt
j.rnd.10x10.train.1489,850,opt
j.rnd.10x10.train.1490,765,opt
j.rnd.10x10.train.1491,830,opt
j.rnd.10x10.train.1492,865,opt
j.rnd.10x10.train.1493,811,opt
j.rnd.10x10.train.1494,861,opt
j.rnd.10x10.train.1495,863,opt
j.rnd.10x10.train.1496,886,opt
j.rnd.10x10.train.1497,732,opt
j.rnd.10x10.train.1498,780,opt
j.rnd.10x10.train.1499,806,opt
j.rnd.10x10.train.1500,782,opt
j.rnd.10x10.train.1501,741,opt
j.rnd.10x10.train.1502,774,opt
j.rnd.10x10.train.1503,850,opt
j.rnd.10x10.train.1504,765,opt
j.rnd.10x10.train.1505,799,opt
j.rnd.10x10.train.1506,891,opt
j.rnd.10x10.train.1507,814,opt
j.rnd.10x10.train.1508,826,opt
j.rnd.10x10.train.1509,769,opt
j.rnd.10x10.train.1510,786,opt
j.rnd.10x10.train.1511,913,opt
j.rnd.10x10.train.1512,757,opt
j.rnd.10x10.train.1513,928,opt
j.rnd.10x10.train.1514,801,opt
j.rnd.10x10.train.1515,836,opt
j.rnd.10x10.train.1516,827,opt
j.rnd.10x10.train.1517,786,opt
j.rnd.10x10.train.1518,840,opt
j.rnd.10x10.train.1519,791,opt
j.rnd.10x10.train.1520,828,opt
j.rnd.10x10.train.1521,815,opt
j.rnd.10x10.train.1522,817,opt
j.rnd.10x10.train.1523,822,opt
j.rnd.10x10.train.1524,912,opt
j.rnd.10x10.train.1525,831,opt
j.rnd.10x10.train.1526,778,opt
j.rnd.10x10.train.1527,745,opt
j.rnd.10x10.train.1528,808,opt
j.rnd.10x10.train.1529,858,opt
j.rnd.10x10.train.1530,737,opt
j.rnd.10x10.train.1531,815,opt
j.rnd.10x10.train.1532,876,opt
j.rnd.10x10.train.1533,863,opt
j.rnd.10x10.train.1534,759,opt
j.rnd.10x10.train.1535,798,opt
j.rnd.10x10.train.1536,815,opt
j.rnd.10x10.train.1537,826,opt
j.rnd.10x10.train.1538,727,opt
j.rnd.10x10.train.1539,842,opt
j.rnd.10x10.train.1540,732,opt
j.rnd.10x10.train.1541,800,opt
j.rnd.10x10.train.1542,837,opt
j.rnd.10x10.train.1543,734,opt
j.rnd.10x10.train.1544,822,opt
j.rnd.10x10.train.1545,924,opt
j.rnd.10x10.train.1546,812,opt
j.rnd.10x10.train.1547,842,opt
j.rnd.10x10.train.1548,773,opt
j.rnd.10x10.train.1549,833,opt
j.rnd.10x10.train.1550,890,opt
j.rnd.10x10.train.1551,823,opt
j.rnd.10x10.train.1552,748,opt
j.rnd.10x10.train.1553,777,opt
j.rnd.10x10.train.1554,866,opt
j.rnd.10x10.train.1555,829,opt
j.rnd.10x10.train.1556,783,opt
j.rnd.10x10.train.1557,802,opt
j.rnd.10x10.train.1558,861,opt
j.rnd.10x10.train.1559,831,opt
j.rnd.10x10.train.1560,723,opt
j.rnd.10x10.train.1561,803,opt
j.rnd.10x10.train.1562,852,opt
j.rnd.10x10.train.1563,881,opt
j.rnd.10x10.train.1564,728,opt
j.rnd.10x10.train.1565,833,opt
j.rnd.10x10.train.1566,788,opt
j.rnd.10x10.train.1567,848,opt
j.rnd.10x10.train.1568,817,opt
j.rnd.10x10.train.1569,749,opt
j.rnd.10x10.train.1570,778,opt
j.rnd.10x10.train.1571,789,opt
j.rnd.10x10.train.1572,794,opt
j.rnd.10x10.train.1573,887,opt
j.rnd.10x10.train.1574,767,opt
j.rnd.10x10.train.1575,889,opt
j.rnd.10x10.train.1576,802,opt
j.rnd.10x10.train.1577,708,opt
j.rnd.10x10.train.1578,804,opt
j.rnd.10x10.train.1579,903,opt
j.rnd.10x10.train.1580,883,opt
j.rnd.10x10.train.1581,805,opt
j.rnd.10x10.train.1582,745,opt
j.rnd.10x10.train.1583,829,opt
j.rnd.10x10.train.1584,836,opt
j.rnd.10x10.train.1585,811,opt
j.rnd.10x10.train.1586,897,opt
j.rnd.10x10.train.1587,796,opt
j.rnd.10x10.train.1588,807,opt
j.rnd.10x10.train.1589,859,opt
j.rnd.10x10.train.1590,812,opt
j.rnd.10x10.train.1591,787,opt
j.rnd.10x10.train.1592,845,opt
j.rnd.10x10.train.1593,724,opt
j.rnd.10x10.train.1594,821,opt
j.rnd.10x10.train.1595,814,opt
j.rnd.10x10.train.1596,788,opt
j.rnd.10x10.train.1597,907,opt
j.rnd.10x10.train.1598,680,opt
j.rnd.10x10.train.1599,740,opt
j.rnd.10x10.train.1600,794,opt
j.rnd.10x10.train.1601,809,opt
j.rnd.10x10.train.1602,793,opt
j.rnd.10x10.train.1603,717,opt
j.rnd.10x10.train.1604,815,opt
j.rnd.10x10.train.1605,828,opt
j.rnd.10x10.train.1606,784,opt
j.rnd.10x10.train.1607,766,opt
j.rnd.10x10.train.1608,878,opt
j.rnd.10x10.train.1609,802,opt
j.rnd.10x10.train.1610,824,opt
j.rnd.10x10.train.1611,847,opt
j.rnd.10x10.train.1612,837,opt
j.rnd.10x10.train.1613,828,opt
j.rnd.10x10.train.1614,877,opt
j.rnd.10x10.train.1615,794,opt
j.rnd.10x10.train.1616,774,opt
j.rnd.10x10.train.1617,772,opt
j.rnd.10x10.train.1618,855,opt
j.rnd.10x10.train.1619,915,opt
j.rnd.10x10.train.1620,854,opt
j.rnd.10x10.train.1621,859,opt
j.rnd.10x10.train.1622,892,opt
j.rnd.10x10.train.1623,879,opt
j.rnd.10x10.train.1624,803,opt
j.rnd.10x10.train.1625,879,opt
j.rnd.10x10.train.1626,854,opt
j.rnd.10x10.train.1627,895,opt
j.rnd.10x10.train.1628,748,opt
j.rnd.10x10.train.1629,683,opt
j.rnd.10x10.train.1630,825,opt
j.rnd.10x10.train.1631,843,opt
j.rnd.10x10.train.1632,820,opt
j.rnd.10x10.train.1633,818,opt
j.rnd.10x10.train.1634,731,opt
j.rnd.10x10.train.1635,831,opt
j.rnd.10x10.train.1636,782,opt
j.rnd.10x10.train.1637,709,opt
j.rnd.10x10.train.1638,823,opt
j.rnd.10x10.train.1639,769,opt
j.rnd.10x10.train.1640,766,opt
j.rnd.10x10.train.1641,834,opt
j.rnd.10x10.train.1642,763,opt
j.rnd.10x10.train.1643,838,opt
j.rnd.10x10.train.1644,867,opt
j.rnd.10x10.train.1645,824,opt
j.rnd.10x10.train.1646,831,opt
j.rnd.10x10.train.1647,745,opt
j.rnd.10x10.train.1648,862,opt
j.rnd.10x10.train.1649,762,opt
j.rnd.10x10.train.1650,727,opt
j.rnd.10x10.train.1651,769,opt
j.rnd.10x10.train.1652,750,opt
j.rnd.10x10.train.1653,749,opt
j.rnd.10x10.train.1654,807,opt
j.rnd.10x10.train.1655,809,opt
j.rnd.10x10.train.1656,793,opt
j.rnd.10x10.train.1657,793,opt
j.rnd.10x10.train.1658,787,opt
j.rnd.10x10.train.1659,813,opt
j.rnd.10x10.train.1660,817,opt
j.rnd.10x10.train.1661,738,opt
j.rnd.10x10.train.1662,827,opt
j.rnd.10x10.train.1663,764,opt
j.rnd.10x10.train.1664,872,opt
j.rnd.10x10.train.1665,807,opt
j.rnd.10x10.train.1666,772,opt
j.rnd.10x10.train.1667,764,opt
j.rnd.10x10.train.1668,815,opt
j.rnd.10x10.train.1669,819,opt
j.rnd.10x10.train.1670,866,opt
j.rnd.10x10.train.1671,860,opt
j.rnd.10x10.train.1672,856,opt
j.rnd.10x10.train.1673,891,opt
j.rnd.10x10.train.1674,718,opt
j.rnd.10x10.train.1675,922,opt
j.rnd.10x10.train.1676,796,opt
j.rnd.10x10.train.1677,734,opt
j.rnd.10x10.train.1678,775,opt
j.rnd.10x10.train.1679,843,opt
j.rnd.10x10.train.1680,846,opt
j.rnd.10x10.train.1681,780,opt
j.rnd.10x10.train.1682,748,opt
j.rnd.10x10.train.1683,825,opt
j.rnd.10x10.train.1684,760,opt
j.rnd.10x10.train.1685,853,opt
j.rnd.10x10.train.1686,747,opt
j.rnd.10x10.train.1687,741,opt
j.rnd.10x10.train.1688,918,opt
j.rnd.10x10.train.1689,787,opt
j.rnd.10x10.train.1690,843,opt
j.rnd.10x10.train.1691,807,opt
j.rnd.10x10.train.1692,765,opt
j.rnd.10x10.train.1693,786,opt
j.rnd.10x10.train.1694,687,opt
j.rnd.10x10.train.1695,744,opt
j.rnd.10x10.train.1696,873,opt
j.rnd.10x10.train.1697,787,opt
j.rnd.10x10.train.1698,812,opt
j.rnd.10x10.train.1699,852,opt
j.rnd.10x10.train.1700,930,opt
j.rnd.10x10.train.1701,884,opt
j.rnd.10x10.train.1702,961,opt
j.rnd.10x10.train.1703,788,opt
j.rnd.10x10.train.1704,819,opt
j.rnd.10x10.train.1705,752,opt
j.rnd.10x10.train.1706,732,opt
j.rnd.10x10.train.1707,766,opt
j.rnd.10x10.train.1708,862,opt
j.rnd.10x10.train.1709,784,opt
j.rnd.10x10.train.1710,883,opt
j.rnd.10x10.train.1711,743,opt
j.rnd.10x10.train.1712,871,opt
j.rnd.10x10.train.1713,772,opt
j.rnd.10x10.train.1714,841,opt
j.rnd.10x10.train.1715,830,opt
j.rnd.10x10.train.1716,773,opt
j.rnd.10x10.train.1717,790,opt
j.rnd.10x10.train.1718,815,opt
j.rnd.10x10.train.1719,711,opt
j.rnd.10x10.train.1720,761,opt
j.rnd.10x10.train.1721,841,opt
j.rnd.10x10.train.1722,872,opt
j.rnd.10x10.train.1723,767,opt
j.rnd.10x10.train.1724,816,opt
j.rnd.10x10.train.1725,844,opt
j.rnd.10x10.train.1726,810,opt
j.rnd.10x10.train.1727,828,opt
j.rnd.10x10.train.1728,734,opt
j.rnd.10x10.train.1729,815,opt
j.rnd.10x10.train.1730,796,opt
j.rnd.10x10.train.1731,797,opt
j.rnd.10x10.train.1732,806,opt
j.rnd.10x10.train.1733,864,opt
j.rnd.10x10.train.1734,827,opt
j.rnd.10x10.train.1735,821,opt
j.rnd.10x10.train.1736,838,opt
j.rnd.10x10.train.1737,857,opt
j.rnd.10x10.train.1738,718,opt
j.rnd.10x10.train.1739,863,opt
j.rnd.10x10.train.1740,824,opt
j.rnd.10x10.train.1741,858,opt
j.rnd.10x10.train.1742,860,opt
j.rnd.10x10.train.1743,749,opt
j.rnd.10x10.train.1744,915,opt
j.rnd.10x10.train.1745,756,opt
j.rnd.10x10.train.1746,784,opt
j.rnd.10x10.train.1747,828,opt
j.rnd.10x10.train.1748,848,opt
j.rnd.10x10.train.1749,843,opt
j.rnd.10x10.train.1750,739,opt
j.rnd.10x10.train.1751,900,opt
j.rnd.10x10.train.1752,800,opt
j.rnd.10x10.train.1753,825,opt
j.rnd.10x10.train.1754,790,opt
j.rnd.10x10.train.1755,899,opt
j.rnd.10x10.train.1756,850,opt
j.rnd.10x10.train.1757,807,opt
j.rnd.10x10.train.1758,818,opt
j.rnd.10x10.train.1759,789,opt
j.rnd.10x10.train.1760,853,opt
j.rnd.10x10.train.1761,779,opt
j.rnd.10x10.train.1762,886,opt
j.rnd.10x10.train.1763,851,opt
j.rnd.10x10.train.1764,778,opt
j.rnd.10x10.train.1765,787,opt
j.rnd.10x10.train.1766,806,opt
j.rnd.10x10.train.1767,704,opt
j.rnd.10x10.train.1768,813,opt
j.rnd.10x10.train.1769,752,opt
j.rnd.10x10.train.1770,794,opt
j.rnd.10x10.train.1771,808,opt
j.rnd.10x10.train.1772,815,opt
j.rnd.10x10.train.1773,830,opt
j.rnd.10x10.train.1774,835,opt
j.rnd.10x10.train.1775,744,opt
j.rnd.10x10.train.1776,768,opt
j.rnd.10x10.train.1777,787,opt
j.rnd.10x10.train.1778,834,opt
j.rnd.10x10.train.1779,781,opt
j.rnd.10x10.train.1780,813,opt
j.rnd.10x10.train.1781,755,opt
j.rnd.10x10.train.1782,735,opt
j.rnd.10x10.train.1783,856,opt
j.rnd.10x10.train.1784,817,opt
j.rnd.10x10.train.1785,890,opt
j.rnd.10x10.train.1786,821,opt
j.rnd.10x10.train.1787,880,opt
j.rnd.10x10.train.1788,755,opt
j.rnd.10x10.train.1789,800,opt
j.rnd.10x10.train.1790,849,opt
j.rnd.10x10.train.1791,833,opt
j.rnd.10x10.train.1792,744,opt
j.rnd.10x10.train.1793,757,opt
j.rnd.10x10.train.1794,860,opt
j.rnd.10x10.train.1795,821,opt
j.rnd.10x10.train.1796,774,opt
j.rnd.10x10.train.1797,816,opt
j.rnd.10x10.train.1798,813,opt
j.rnd.10x10.train.1799,735,opt
j.rnd.10x10.train.1800,763,opt
j.rnd.10x10.train.1801,721,opt
j.rnd.10x10.train.1802,744,opt
j.rnd.10x10.train.1803,778,opt
j.rnd.10x10.train.1804,694,opt
j.rnd.10x10.train.1805,710,opt
j.rnd.10x10.train.1806,860,opt
j.rnd.10x10.train.1807,854,opt
j.rnd.10x10.train.1808,718,opt
j.rnd.10x10.train.1809,813,opt
j.rnd.10x10.train.1810,864,opt
j.rnd.10x10.train.1811,801,opt
j.rnd.10x10.train.1812,819,opt
j.rnd.10x10.train.1813,757,opt
j.rnd.10x10.train.1814,875,opt
j.rnd.10x10.train.1815,808,opt
j.rnd.10x10.train.1816,764,opt
j.rnd.10x10.train.1817,780,opt
j.rnd.10x10.train.1818,812,opt
j.rnd.10x10.train.1819,901,opt
j.rnd.10x10.train.1820,860,opt
j.rnd.10x10.train.1821,820,opt
j.rnd.10x10.train.1822,722,opt
j.rnd.10x10.train.1823,856,opt
j.rnd.10x10.train.1824,802,opt
j.rnd.10x10.train.1825,795,opt
j.rnd.10x10.train.1826,804,opt
j.rnd.10x10.train.1827,890,opt
j.rnd.10x10.train.1828,870,opt
j.rnd.10x10.train.1829,860,opt
j.rnd.10x10.train.1830,757,opt
j.rnd.10x10.train.1831,777,opt
j.rnd.10x10.train.1832,845,opt
j.rnd.10x10.train.1833,826,opt
j.rnd.10x10.train.1834,803,opt
j.rnd.10x10.train.1835,910,opt
j.rnd.10x10.train.1836,848,opt
j.rnd.10x10.train.1837,749,opt
j.rnd.10x10.train.1838,780,opt
j.rnd.10x10.train.1839,851,opt
j.rnd.10x10.train.1840,827,opt
j.rnd.10x10.train.1841,826,opt
j.rnd.10x10.train.1842,909,opt
j.rnd.10x10.train.1843,761,opt
j.rnd.10x10.train.1844,810,opt
j.rnd.10x10.train.1845,765,opt
j.rnd.10x10.train.1846,911,opt
j.rnd.10x10.train.1847,799,opt
j.rnd.10x10.train.1848,801,opt
j.rnd.10x10.train.1849,795,opt
j.rnd.10x10.train.1850,931,opt
j.rnd.10x10.train.1851,794,opt
j.rnd.10x10.train.1852,919,opt
j.rnd.10x10.train.1853,869,opt
j.rnd.10x10.train.1854,783,opt
j.rnd.10x10.train.1855,755,opt
j.rnd.10x10.train.1856,823,opt
j.rnd.10x10.train.1857,754,opt
j.rnd.10x10.train.1858,823,opt
j.rnd.10x10.train.1859,782,opt
j.rnd.10x10.train.1860,827,opt
j.rnd.10x10.train.1861,782,opt
j.rnd.10x10.train.1862,768,opt
j.rnd.10x10.train.1863,855,opt
j.rnd.10x10.train.1864,878,opt
j.rnd.10x10.train.1865,818,opt
j.rnd.10x10.train.1866,887,opt
j.rnd.10x10.train.1867,762,opt
j.rnd.10x10.train.1868,770,opt
j.rnd.10x10.train.1869,892,opt
j.rnd.10x10.train.1870,825,opt
j.rnd.10x10.train.1871,779,opt
j.rnd.10x10.train.1872,856,opt
j.rnd.10x10.train.1873,791,opt
j.rnd.10x10.train.1874,720,opt
j.rnd.10x10.train.1875,853,opt
j.rnd.10x10.train.1876,747,opt
j.rnd.10x10.train.1877,831,opt
j.rnd.10x10.train.1878,798,opt
j.rnd.10x10.train.1879,818,opt
j.rnd.10x10.train.1880,767,opt
j.rnd.10x10.train.1881,843,opt
j.rnd.10x10.train.1882,765,opt
j.rnd.10x10.train.1883,803,opt
j.rnd.10x10.train.1884,810,opt
j.rnd.10x10.train.1885,860,opt
j.rnd.10x10.train.1886,824,opt
j.rnd.10x10.train.1887,770,opt
j.rnd.10x10.train.1888,800,opt
j.rnd.10x10.train.1889,821,opt
j.rnd.10x10.train.1890,885,opt
j.rnd.10x10.train.1891,815,opt
j.rnd.10x10.train.1892,849,opt
j.rnd.10x10.train.1893,879,opt
j.rnd.10x10.train.1894,820,opt
j.rnd.10x10.train.1895,818,opt
j.rnd.10x10.train.1896,838,opt
j.rnd.10x10.train.1897,739,opt
j.rnd.10x10.train.1898,850,opt
j.rnd.10x10.train.1899,777,opt
j.rnd.10x10.train.1900,804,opt
j.rnd.10x10.train.1901,786,opt
j.rnd.10x10.train.1902,798,opt
j.rnd.10x10.train.1903,783,opt
j.rnd.10x10.train.1904,888,opt
j.rnd.10x10.train.1905,771,opt
j.rnd.10x10.train.1906,883,opt
j.rnd.10x10.train.1907,861,opt
j.rnd.10x10.train.1908,888,opt
j.rnd.10x10.train.1909,747,opt
j.rnd.10x10.train.1910,824,opt
j.rnd.10x10.train.1911,792,opt
j.rnd.10x10.train.1912,791,opt
j.rnd.10x10.train.1913,738,opt
j.rnd.10x10.train.1914,820,opt
j.rnd.10x10.train.1915,861,opt
j.rnd.10x10.train.1916,759,opt
j.rnd.10x10.train.1917,770,opt
j.rnd.10x10.train.1918,850,opt
j.rnd.10x10.train.1919,778,opt
j.rnd.10x10.train.1920,812,opt
j.rnd.10x10.train.1921,734,opt
j.rnd.10x10.train.1922,805,opt
j.rnd.10x10.train.1923,796,opt
j.rnd.10x10.train.1924,859,opt
j.rnd.10x10.train.1925,732,opt
j.rnd.10x10.train.1926,799,opt
j.rnd.10x10.train.1927,803,opt
j.rnd.10x10.train.1928,844,opt
j.rnd.10x10.train.1929,817,opt
j.rnd.10x10.train.1930,778,opt
j.rnd.10x10.train.1931,832,opt
j.rnd.10x10.train.1932,870,opt
j.rnd.10x10.train.1933,804,opt
j.rnd.10x10.train.1934,792,opt
j.rnd.10x10.train.1935,729,opt
j.rnd.10x10.train.1936,847,opt
j.rnd.10x10.train.1937,768,opt
j.rnd.10x10.train.1938,747,opt
j.rnd.10x10.train.1939,849,opt
j.rnd.10x10.train.1940,792,opt
j.rnd.10x10.train.1941,821,opt
j.rnd.10x10.train.1942,776,opt
j.rnd.10x10.train.1943,775,opt
j.rnd.10x10.train.1944,801,opt
j.rnd.10x10.train.1945,846,opt
j.rnd.10x10.train.1946,887,opt
j.rnd.10x10.train.1947,772,opt
j.rnd.10x10.train.1948,749,opt
j.rnd.10x10.train.1949,754,opt
j.rnd.10x10.train.1950,848,opt
j.rnd.10x10.train.1951,760,opt
j.rnd.10x10.train.1952,750,opt
j.rnd.10x10.train.1953,902,opt
j.rnd.10x10.train.1954,782,opt
j.rnd.10x10.train.1955,756,opt
j.rnd.10x10.train.1956,884,opt
j.rnd.10x10.train.1957,811,opt
j.rnd.10x10.train.1958,819,opt
j.rnd.10x10.train.1959,811,opt
j.rnd.10x10.train.1960,780,opt
j.rnd.10x10.train.1961,907,opt
j.rnd.10x10.train.1962,825,opt
j.rnd.10x10.train.1963,828,opt
j.rnd.10x10.train.1964,791,opt
j.rnd.10x10.train.1965,784,opt
j.rnd.10x10.train.1966,864,opt
j.rnd.10x10.train.1967,746,opt
j.rnd.10x10.train.1968,804,opt
j.rnd.10x10.train.1969,933,opt
j.rnd.10x10.train.1970,875,opt
j.rnd.10x10.train.1971,755,opt
j.rnd.10x10.train.1972,828,opt
j.rnd.10x10.train.1973,767,opt
j.rnd.10x10.train.1974,887,opt
j.rnd.10x10.train.1975,886,opt
j.rnd.10x10.train.1976,779,opt
j.rnd.10x10.train.1977,807,opt
j.rnd.10x10.train.1978,885,opt
j.rnd.10x10.train.1979,723,opt
j.rnd.10x10.train.1980,788,opt
j.rnd.10x10.train.1981,753,opt
j.rnd.10x10.train.1982,828,opt
j.rnd.10x10.train.1983,890,opt
j.rnd.10x10.train.1984,856,opt
j.rnd.10x10.train.1985,791,opt
j.rnd.10x10.train.1986,861,opt
j.rnd.10x10.train.1987,841,opt
j.rnd.10x10.train.1988,860,opt
j.rnd.10x10.train.1989,736,opt
j.rnd.10x10.train.1990,749,opt
j.rnd.10x10.train.1991,859,opt
j.rnd.10x10.train.1992,815,opt
j.rnd.10x10.train.1993,865,opt
j.rnd.10x10.train.1994,895,opt
j.rnd.10x10.train.1995,833,opt
j.rnd.10x10.train.1996,783,opt
j.rnd.10x10.train.1997,795,opt
j.rnd.10x10.train.1998,839,opt
j.rnd.10x10.train.1999,849,opt
j.rnd.10x10.train.2000,726,opt
j.rnd.10x10.train.2001,803,opt
j.rnd.10x10.train.2002,781,opt
j.rnd.10x10.train.2003,772,opt
j.rnd.10x10.train.2004,811,opt
j.rnd.10x10.train.2005,830,opt
j.rnd.10x10.train.2006,795,opt
j.rnd.10x10.train.2007,717,opt
j.rnd.10x10.train.2008,851,opt
j.rnd.10x10.train.2009,823,opt
j.rnd.10x10.train.2010,750,opt
j.rnd.10x10.train.2011,845,opt
j.rnd.10x10.train.2012,866,opt
j.rnd.10x10.train.2013,755,opt
j.rnd.10x10.train.2014,822,opt
j.rnd.10x10.train.2015,809,opt
j.rnd.10x10.train.2016,797,opt
j.rnd.10x10.train.2017,790,opt
j.rnd.10x10.train.2018,852,opt
j.rnd.10x10.train.2019,751,opt
j.rnd.10x10.train.2020,776,opt
j.rnd.10x10.train.2021,806,opt
j.rnd.10x10.train.2022,738,opt
j.rnd.10x10.train.2023,796,opt
j.rnd.10x10.train.2024,741,opt
j.rnd.10x10.train.2025,789,opt
j.rnd.10x10.train.2026,851,opt
j.rnd.10x10.train.2027,893,opt
j.rnd.10x10.train.2028,777,opt
j.rnd.10x10.train.2029,767,opt
j.rnd.10x10.train.2030,810,opt
j.rnd.10x10.train.2031,783,opt
j.rnd.10x10.train.2032,740,opt
j.rnd.10x10.train.2033,845,opt
j.rnd.10x10.train.2034,767,opt
j.rnd.10x10.train.2035,824,opt
j.rnd.10x10.train.2036,717,opt
j.rnd.10x10.train.2037,829,opt
j.rnd.10x10.train.2038,812,opt
j.rnd.10x10.train.2039,834,opt
j.rnd.10x10.train.2040,771,opt
j.rnd.10x10.train.2041,839,opt
j.rnd.10x10.train.2042,759,opt
j.rnd.10x10.train.2043,857,opt
j.rnd.10x10.train.2044,697,opt
j.rnd.10x10.train.2045,841,opt
j.rnd.10x10.train.2046,720,opt
j.rnd.10x10.train.2047,857,opt
j.rnd.10x10.train.2048,812,opt
j.rnd.10x10.train.2049,876,opt
j.rnd.10x10.train.2050,863,opt
j.rnd.10x10.train.2051,820,opt
j.rnd.10x10.train.2052,817,opt
j.rnd.10x10.train.2053,774,opt
j.rnd.10x10.train.2054,817,opt
j.rnd.10x10.train.2055,823,opt
j.rnd.10x10.train.2056,832,opt
j.rnd.10x10.train.2057,713,opt
j.rnd.10x10.train.2058,764,opt
j.rnd.10x10.train.2059,819,opt
j.rnd.10x10.train.2060,805,opt
j.rnd.10x10.train.2061,788,opt
j.rnd.10x10.train.2062,870,opt
j.rnd.10x10.train.2063,940,opt
j.rnd.10x10.train.2064,792,opt
j.rnd.10x10.train.2065,860,opt
j.rnd.10x10.train.2066,783,opt
j.rnd.10x10.train.2067,869,opt
j.rnd.10x10.train.2068,763,opt
j.rnd.10x10.train.2069,865,opt
j.rnd.10x10.train.2070,779,opt
j.rnd.10x10.train.2071,832,opt
j.rnd.10x10.train.2072,910,opt
j.rnd.10x10.train.2073,865,opt
j.rnd.10x10.train.2074,874,opt
j.rnd.10x10.train.2075,874,opt
j.rnd.10x10.train.2076,859,opt
j.rnd.10x10.train.2077,670,opt
j.rnd.10x10.train.2078,809,opt
j.rnd.10x10.train.2079,684,opt
j.rnd.10x10.train.2080,773,opt
j.rnd.10x10.train.2081,798,opt
j.rnd.10x10.train.2082,796,opt
j.rnd.10x10.train.2083,742,opt
j.rnd.10x10.train.2084,893,opt
j.rnd.10x10.train.2085,837,opt
j.rnd.10x10.train.2086,908,opt
j.rnd.10x10.train.2087,826,opt
j.rnd.10x10.train.2088,854,opt
j.rnd.10x10.train.2089,814,opt
j.rnd.10x10.train.2090,877,opt
j.rnd.10x10.train.2091,794,opt
j.rnd.10x10.train.2092,831,opt
j.rnd.10x10.train.2093,848,opt
j.rnd.10x10.train.2094,778,opt
j.rnd.10x10.train.2095,764,opt
j.rnd.10x10.train.2096,743,opt
j.rnd.10x10.train.2097,842,opt
j.rnd.10x10.train.2098,777,opt
j.rnd.10x10.train.2099,812,opt
j.rnd.10x10.train.2100,788,opt
j.rnd.10x10.train.2101,765,opt
j.rnd.10x10.train.2102,812,opt
j.rnd.10x10.train.2103,850,opt
j.rnd.10x10.train.2104,821,opt
j.rnd.10x10.train.2105,739,opt
j.rnd.10x10.train.2106,846,opt
j.rnd.10x10.train.2107,851,opt
j.rnd.10x10.train.2108,818,opt
j.rnd.10x10.train.2109,752,opt
j.rnd.10x10.train.2110,798,opt
j.rnd.10x10.train.2111,795,opt
j.rnd.10x10.train.2112,854,opt
j.rnd.10x10.train.2113,783,opt
j.rnd.10x10.train.2114,753,opt
j.rnd.10x10.train.2115,860,opt
j.rnd.10x10.train.2116,766,opt
j.rnd.10x10.train.2117,809,opt
j.rnd.10x10.train.2118,774,opt
j.rnd.10x10.train.2119,843,opt
j.rnd.10x10.train.2120,977,opt
j.rnd.10x10.train.2121,843,opt
j.rnd.10x10.train.2122,813,opt
j.rnd.10x10.train.2123,815,opt
j.rnd.10x10.train.2124,847,opt
j.rnd.10x10.train.2125,893,opt
j.rnd.10x10.train.2126,855,opt
j.rnd.10x10.train.2127,804,opt
j.rnd.10x10.train.2128,768,opt
j.rnd.10x10.train.2129,739,opt
j.rnd.10x10.train.2130,860,opt
j.rnd.10x10.train.2131,813,opt
j.rnd.10x10.train.2132,918,opt
j.rnd.10x10.train.2133,794,opt
j.rnd.10x10.train.2134,798,opt
j.rnd.10x10.train.2135,705,opt
j.rnd.10x10.train.2136,791,opt
j.rnd.10x10.train.2137,833,opt
j.rnd.10x10.train.2138,911,opt
j.rnd.10x10.train.2139,866,opt
j.rnd.10x10.train.2140,802,opt
j.rnd.10x10.train.2141,771,opt
j.rnd.10x10.train.2142,811,opt
j.rnd.10x10.train.2143,782,opt
j.rnd.10x10.train.2144,811,opt
j.rnd.10x10.train.2145,803,opt
j.rnd.10x10.train.2146,914,opt
j.rnd.10x10.train.2147,844,opt
j.rnd.10x10.train.2148,800,opt
j.rnd.10x10.train.2149,797,opt
j.rnd.10x10.train.2150,867,opt
j.rnd.10x10.train.2151,856,opt
j.rnd.10x10.train.2152,857,opt
j.rnd.10x10.train.2153,734,opt
j.rnd.10x10.train.2154,800,opt
j.rnd.10x10.train.2155,852,opt
j.rnd.10x10.train.2156,786,opt
j.rnd.10x10.train.2157,846,opt
j.rnd.10x10.train.2158,791,opt
j.rnd.10x10.train.2159,833,opt
j.rnd.10x10.train.2160,866,opt
j.rnd.10x10.train.2161,721,opt
j.rnd.10x10.train.2162,867,opt
j.rnd.10x10.train.2163,846,opt
j.rnd.10x10.train.2164,873,opt
j.rnd.10x10.train.2165,780,opt
j.rnd.10x10.train.2166,793,opt
j.rnd.10x10.train.2167,748,opt
j.rnd.10x10.train.2168,822,opt
j.rnd.10x10.train.2169,811,opt
j.rnd.10x10.train.2170,849,opt
j.rnd.10x10.train.2171,810,opt
j.rnd.10x10.train.2172,784,opt
j.rnd.10x10.train.2173,821,opt
j.rnd.10x10.train.2174,812,opt
j.rnd.10x10.train.2175,849,opt
j.rnd.10x10.train.2176,795,opt
j.rnd.10x10.train.2177,875,opt
j.rnd.10x10.train.2178,687,opt
j.rnd.10x10.train.2179,834,opt
j.rnd.10x10.train.2180,822,opt
j.rnd.10x10.train.2181,911,opt
j.rnd.10x10.train.2182,763,opt
j.rnd.10x10.train.2183,905,opt
j.rnd.10x10.train.2184,885,opt
j.rnd.10x10.train.2185,854,opt
j.rnd.10x10.train.2186,694,opt
j.rnd.10x10.train.2187,787,opt
j.rnd.10x10.train.2188,864,opt
j.rnd.10x10.train.2189,787,opt
j.rnd.10x10.train.2190,908,opt
j.rnd.10x10.train.2191,902,opt
j.rnd.10x10.train.2192,872,opt
j.rnd.10x10.train.2193,826,opt
j.rnd.10x10.train.2194,908,opt
j.rnd.10x10.train.2195,784,opt
j.rnd.10x10.train.2196,814,opt
j.rnd.10x10.train.2197,811,opt
j.rnd.10x10.train.2198,827,opt
j.rnd.10x10.train.2199,802,opt
j.rnd.10x10.train.2200,900,opt
j.rnd.10x10.train.2201,735,opt
j.rnd.10x10.train.2202,888,opt
j.rnd.10x10.train.2203,826,opt
j.rnd.10x10.train.2204,793,opt
j.rnd.10x10.train.2205,834,opt
j.rnd.10x10.train.2206,829,opt
j.rnd.10x10.train.2207,791,opt
j.rnd.10x10.train.2208,797,opt
j.rnd.10x10.train.2209,803,opt
j.rnd.10x10.train.2210,854,opt
j.rnd.10x10.train.2211,843,opt
j.rnd.10x10.train.2212,729,opt
j.rnd.10x10.train.2213,854,opt
j.rnd.10x10.train.2214,775,opt
j.rnd.10x10.train.2215,858,opt
j.rnd.10x10.train.2216,814,opt
j.rnd.10x10.train.2217,832,opt
j.rnd.10x10.train.2218,835,opt
j.rnd.10x10.train.2219,880,opt
j.rnd.10x10.train.2220,796,opt
j.rnd.10x10.train.2221,824,opt
j.rnd.10x10.train.2222,749,opt
j.rnd.10x10.train.2223,883,opt
j.rnd.10x10.train.2224,837,opt
j.rnd.10x10.train.2225,825,opt
j.rnd.10x10.train.2226,830,opt
j.rnd.10x10.train.2227,772,opt
j.rnd.10x10.train.2228,824,opt
j.rnd.10x10.train.2229,755,opt
j.rnd.10x10.train.2230,841,opt
j.rnd.10x10.train.2231,845,opt
j.rnd.10x10.train.2232,812,opt
j.rnd.10x10.train.2233,747,opt
j.rnd.10x10.train.2234,815,opt
j.rnd.10x10.train.2235,809,opt
j.rnd.10x10.train.2236,827,opt
j.rnd.10x10.train.2237,847,opt
j.rnd.10x10.train.2238,813,opt
j.rnd.10x10.train.2239,798,opt
j.rnd.10x10.train.2240,852,opt
j.rnd.10x10.train.2241,780,opt
j.rnd.10x10.train.2242,723,opt
j.rnd.10x10.train.2243,857,opt
j.rnd.10x10.train.2244,808,opt
j.rnd.10x10.train.2245,802,opt
j.rnd.10x10.train.2246,818,opt
j.rnd.10x10.train.2247,862,opt
j.rnd.10x10.train.2248,808,opt
j.rnd.10x10.train.2249,802,opt
j.rnd.10x10.train.2250,856,opt
j.rnd.10x10.train.2251,860,opt
j.rnd.10x10.train.2252,958,opt
j.rnd.10x10.train.2253,857,opt
j.rnd.10x10.train.2254,844,opt
j.rnd.10x10.train.2255,811,opt
j.rnd.10x10.train.2256,813,opt
j.rnd.10x10.train.2257,877,opt
j.rnd.10x10.train.2258,879,opt
j.rnd.10x10.train.2259,766,opt
j.rnd.10x10.train.2260,837,opt
j.rnd.10x10.train.2261,829,opt
j.rnd.10x10.train.2262,845,opt
j.rnd.10x10.train.2263,808,opt
j.rnd.10x10.train.2264,900,opt
j.rnd.10x10.train.2265,895,opt
j.rnd.10x10.train.2266,772,opt
j.rnd.10x10.train.2267,887,opt
j.rnd.10x10.train.2268,863,opt
j.rnd.10x10.train.2269,877,opt
j.rnd.10x10.train.2270,892,opt
j.rnd.10x10.train.2271,901,opt
j.rnd.10x10.train.2272,883,opt
j.rnd.10x10.train.2273,795,opt
j.rnd.10x10.train.2274,889,opt
j.rnd.10x10.train.2275,851,opt
j.rnd.10x10.train.2276,846,opt
j.rnd.10x10.train.2277,859,opt
j.rnd.10x10.train.2278,806,opt
j.rnd.10x10.train.2279,765,opt
j.rnd.10x10.train.2280,965,opt
j.rnd.10x10.train.2281,767,opt
j.rnd.10x10.train.2282,875,opt
j.rnd.10x10.train.2283,830,opt
j.rnd.10x10.train.2284,796,opt
j.rnd.10x10.train.2285,846,opt
j.rnd.10x10.train.2286,835,opt
j.rnd.10x10.train.2287,812,opt
j.rnd.10x10.train.2288,787,opt
j.rnd.10x10.train.2289,865,opt
j.rnd.10x10.train.2290,844,opt
j.rnd.10x10.train.2291,836,opt
j.rnd.10x10.train.2292,806,opt
j.rnd.10x10.train.2293,823,opt
j.rnd.10x10.train.2294,898,opt
j.rnd.10x10.train.2295,806,opt
j.rnd.10x10.train.2296,812,opt
j.rnd.10x10.train.2297,854,opt
j.rnd.10x10.train.2298,817,opt
j.rnd.10x10.train.2299,820,opt
j.rnd.10x10.train.2300,817,opt
j.rnd.10x10.train.2301,808,opt
j.rnd.10x10.train.2302,785,opt
j.rnd.10x10.train.2303,790,opt
j.rnd.10x10.train.2304,869,opt
j.rnd.10x10.train.2305,806,opt
j.rnd.10x10.train.2306,891,opt
j.rnd.10x10.train.2307,888,opt
j.rnd.10x10.train.2308,875,opt
j.rnd.10x10.train.2309,809,opt
j.rnd.10x10.train.2310,782,opt
j.rnd.10x10.train.2311,806,opt
j.rnd.10x10.train.2312,870,opt
j.rnd.10x10.train.2313,776,opt
j.rnd.10x10.train.2314,812,opt
j.rnd.10x10.train.2315,868,opt
j.rnd.10x10.train.2316,794,opt
j.rnd.10x10.train.2317,856,opt
j.rnd.10x10.train.2318,839,opt
j.rnd.10x10.train.2319,838,opt
j.rnd.10x10.train.2320,851,opt
j.rnd.10x10.train.2321,762,opt
j.rnd.10x10.train.2322,813,opt
j.rnd.10x10.train.2323,742,opt
j.rnd.10x10.train.2324,696,opt
j.rnd.10x10.train.2325,810,opt
j.rnd.10x10.train.2326,761,opt
j.rnd.10x10.train.2327,763,opt
j.rnd.10x10.train.2328,785,opt
j.rnd.10x10.train.2329,906,opt
j.rnd.10x10.train.2330,888,opt
j.rnd.10x10.train.2331,802,opt
j.rnd.10x10.train.2332,694,opt
j.rnd.10x10.train.2333,882,opt
j.rnd.10x10.train.2334,940,opt
j.rnd.10x10.train.2335,833,opt
j.rnd.10x10.train.2336,757,opt
j.rnd.10x10.train.2337,836,opt
j.rnd.10x10.train.2338,794,opt
j.rnd.10x10.train.2339,756,opt
j.rnd.10x10.train.2340,824,opt
j.rnd.10x10.train.2341,806,opt
j.rnd.10x10.train.2342,789,opt
j.rnd.10x10.train.2343,775,opt
j.rnd.10x10.train.2344,803,opt
j.rnd.10x10.train.2345,856,opt
j.rnd.10x10.train.2346,832,opt
j.rnd.10x10.train.2347,802,opt
j.rnd.10x10.train.2348,777,opt
j.rnd.10x10.train.2349,836,opt
j.rnd.10x10.train.2350,763,opt
j.rnd.10x10.train.2351,819,opt
j.rnd.10x10.train.2352,906,opt
j.rnd.10x10.train.2353,863,opt
j.rnd.10x10.train.2354,848,opt
j.rnd.10x10.train.2355,820,opt
j.rnd.10x10.train.2356,705,opt
j.rnd.10x10.train.2357,843,opt
j.rnd.10x10.train.2358,794,opt
j.rnd.10x10.train.2359,761,opt
j.rnd.10x10.train.2360,879,opt
j.rnd.10x10.train.2361,795,opt
j.rnd.10x10.train.2362,787,opt
j.rnd.10x10.train.2363,771,opt
j.rnd.10x10.train.2364,834,opt
j.rnd.10x10.train.2365,853,opt
j.rnd.10x10.train.2366,770,opt
j.rnd.10x10.train.2367,760,opt
j.rnd.10x10.train.2368,835,opt
j.rnd.10x10.train.2369,781,opt
j.rnd.10x10.train.2370,846,opt
j.rnd.10x10.train.2371,868,opt
j.rnd.10x10.train.2372,810,opt
j.rnd.10x10.train.2373,842,opt
j.rnd.10x10.train.2374,882,opt
j.rnd.10x10.train.2375,815,opt
j.rnd.10x10.train.2376,783,opt
j.rnd.10x10.train.2377,814,opt
j.rnd.10x10.train.2378,844,opt
j.rnd.10x10.train.2379,781,opt
j.rnd.10x10.train.2380,813,opt
j.rnd.10x10.train.2381,797,opt
j.rnd.10x10.train.2382,887,opt
j.rnd.10x10.train.2383,747,opt
j.rnd.10x10.train.2384,842,opt
j.rnd.10x10.train.2385,756,opt
j.rnd.10x10.train.2386,912,opt
j.rnd.10x10.train.2387,826,opt
j.rnd.10x10.train.2388,820,opt
j.rnd.10x10.train.2389,761,opt
j.rnd.10x10.train.2390,893,opt
j.rnd.10x10.train.2391,866,opt
j.rnd.10x10.train.2392,818,opt
j.rnd.10x10.train.2393,815,opt
j.rnd.10x10.train.2394,801,opt
j.rnd.10x10.train.2395,884,opt
j.rnd.10x10.train.2396,744,opt
j.rnd.10x10.train.2397,734,opt
j.rnd.10x10.train.2398,847,opt
j.rnd.10x10.train.2399,897,opt
j.rnd.10x10.train.2400,710,opt
j.rnd.10x10.train.2401,868,opt
j.rnd.10x10.train.2402,811,opt
j.rnd.10x10.train.2403,946,opt
j.rnd.10x10.train.2404,869,opt
j.rnd.10x10.train.2405,834,opt
j.rnd.10x10.train.2406,814,opt
j.rnd.10x10.train.2407,887,opt
j.rnd.10x10.train.2408,848,opt
j.rnd.10x10.train.2409,831,opt
j.rnd.10x10.train.2410,781,opt
j.rnd.10x10.train.2411,871,opt
j.rnd.10x10.train.2412,757,opt
j.rnd.10x10.train.2413,802,opt
j.rnd.10x10.train.2414,856,opt
j.rnd.10x10.train.2415,758,opt
j.rnd.10x10.train.2416,913,opt
j.rnd.10x10.train.2417,916,opt
j.rnd.10x10.train.2418,802,opt
j.rnd.10x10.train.2419,788,opt
j.rnd.10x10.train.2420,805,opt
j.rnd.10x10.train.2421,768,opt
j.rnd.10x10.train.2422,759,opt
j.rnd.10x10.train.2423,823,opt
j.rnd.10x10.train.2424,855,opt
j.rnd.10x10.train.2425,830,opt
j.rnd.10x10.train.2426,885,opt
j.rnd.10x10.train.2427,761,opt
j.rnd.10x10.train.2428,788,opt
j.rnd.10x10.train.2429,857,opt
j.rnd.10x10.train.2430,835,opt
j.rnd.10x10.train.2431,844,opt
j.rnd.10x10.train.2432,836,opt
j.rnd.10x10.train.2433,796,opt
j.rnd.10x10.train.2434,883,opt
j.rnd.10x10.train.2435,757,opt
j.rnd.10x10.train.2436,806,opt
j.rnd.10x10.train.2437,741,opt
j.rnd.10x10.train.2438,861,opt
j.rnd.10x10.train.2439,791,opt
j.rnd.10x10.train.2440,770,opt
j.rnd.10x10.train.2441,760,opt
j.rnd.10x10.train.2442,776,opt
j.rnd.10x10.train.2443,761,opt
j.rnd.10x10.train.2444,824,opt
j.rnd.10x10.train.2445,892,opt
j.rnd.10x10.train.2446,788,opt
j.rnd.10x10.train.2447,822,opt
j.rnd.10x10.train.2448,819,opt
j.rnd.10x10.train.2449,794,opt
j.rnd.10x10.train.2450,809,opt
j.rnd.10x10.train.2451,827,opt
j.rnd.10x10.train.2452,749,opt
j.rnd.10x10.train.2453,804,opt
j.rnd.10x10.train.2454,783,opt
j.rnd.10x10.train.2455,807,opt
j.rnd.10x10.train.2456,793,opt
j.rnd.10x10.train.2457,854,opt
j.rnd.10x10.train.2458,828,opt
j.rnd.10x10.train.2459,924,opt
j.rnd.10x10.train.2460,890,opt
j.rnd.10x10.train.2461,701,opt
j.rnd.10x10.train.2462,896,opt
j.rnd.10x10.train.2463,771,opt
j.rnd.10x10.train.2464,859,opt
j.rnd.10x10.train.2465,705,opt
j.rnd.10x10.train.2466,828,opt
j.rnd.10x10.train.2467,749,opt
j.rnd.10x10.train.2468,813,opt
j.rnd.10x10.train.2469,686,opt
j.rnd.10x10.train.2470,773,opt
j.rnd.10x10.train.2471,940,opt
j.rnd.10x10.train.2472,817,opt
j.rnd.10x10.train.2473,894,opt
j.rnd.10x10.train.2474,810,opt
j.rnd.10x10.train.2475,807,opt
j.rnd.10x10.train.2476,790,opt
j.rnd.10x10.train.2477,812,opt
j.rnd.10x10.train.2478,714,opt
j.rnd.10x10.train.2479,839,opt
j.rnd.10x10.train.2480,816,opt
j.rnd.10x10.train.2481,784,opt
j.rnd.10x10.train.2482,812,opt
j.rnd.10x10.train.2483,833,opt
j.rnd.10x10.train.2484,757,opt
j.rnd.10x10.train.2485,844,opt
j.rnd.10x10.train.2486,802,opt
j.rnd.10x10.train.2487,888,opt
j.rnd.10x10.train.2488,753,opt
j.rnd.10x10.train.2489,906,opt
j.rnd.10x10.train.2490,839,opt
j.rnd.10x10.train.2491,858,opt
j.rnd.10x10.train.2492,756,opt
j.rnd.10x10.train.2493,774,opt
j.rnd.10x10.train.2494,745,opt
j.rnd.10x10.train.2495,865,opt
j.rnd.10x10.train.2496,788,opt
j.rnd.10x10.train.2497,856,opt
j.rnd.10x10.train.2498,849,opt
j.rnd.10x10.train.2499,813,opt
j.rnd.10x10.train.2500,782,opt
j.rnd.10x10.train.2501,897,opt
j.rnd.10x10.train.2502,883,opt
j.rnd.10x10.train.2503,911,opt
j.rnd.10x10.train.2504,819,opt
j.rnd.10x10.train.2505,842,opt
j.rnd.10x10.train.2506,813,opt
j.rnd.10x10.train.2507,841,opt
j.rnd.10x10.train.2508,782,opt
j.rnd.10x10.train.2509,814,opt
j.rnd.10x10.train.2510,822,opt
j.rnd.10x10.train.2511,846,opt
j.rnd.10x10.train.2512,862,opt
j.rnd.10x10.train.2513,803,opt
j.rnd.10x10.train.2514,809,opt
j.rnd.10x10.train.2515,873,opt
j.rnd.10x10.train.2516,718,opt
j.rnd.10x10.train.2517,990,opt
j.rnd.10x10.train.2518,876,opt
j.rnd.10x10.train.2519,731,opt
j.rnd.10x10.train.2520,893,opt
j.rnd.10x10.train.2521,858,opt
j.rnd.10x10.train.2522,852,opt
j.rnd.10x10.train.2523,878,opt
j.rnd.10x10.train.2524,878,opt
j.rnd.10x10.train.2525,879,opt
j.rnd.10x10.train.2526,780,opt
j.rnd.10x10.train.2527,729,opt
j.rnd.10x10.train.2528,862,opt
j.rnd.10x10.train.2529,846,opt
j.rnd.10x10.train.2530,843,opt
j.rnd.10x10.train.2531,792,opt
j.rnd.10x10.train.2532,850,opt
j.rnd.10x10.train.2533,777,opt
j.rnd.10x10.train.2534,851,opt
j.rnd.10x10.train.2535,913,opt
j.rnd.10x10.train.2536,850,opt
j.rnd.10x10.train.2537,831,opt
j.rnd.10x10.train.2538,840,opt
j.rnd.10x10.train.2539,898,opt
j.rnd.10x10.train.2540,792,opt
j.rnd.10x10.train.2541,890,opt
j.rnd.10x10.train.2542,796,opt
j.rnd.10x10.train.2543,829,opt
j.rnd.10x10.train.2544,812,opt
j.rnd.10x10.train.2545,794,opt
j.rnd.10x10.train.2546,759,opt
j.rnd.10x10.train.2547,873,opt
j.rnd.10x10.train.2548,824,opt
j.rnd.10x10.train.2549,849,opt
j.rnd.10x10.train.2550,805,opt
j.rnd.10x10.train.2551,775,opt
j.rnd.10x10.train.2552,702,opt
j.rnd.10x10.train.2553,817,opt
j.rnd.10x10.train.2554,856,opt
j.rnd.10x10.train.2555,745,opt
j.rnd.10x10.train.2556,782,opt
j.rnd.10x10.train.2557,762,opt
j.rnd.10x10.train.2558,781,opt
j.rnd.10x10.train.2559,787,opt
j.rnd.10x10.train.2560,858,opt
j.rnd.10x10.train.2561,817,opt
j.rnd.10x10.train.2562,863,opt
j.rnd.10x10.train.2563,854,opt
j.rnd.10x10.train.2564,793,opt
j.rnd.10x10.train.2565,776,opt
j.rnd.10x10.train.2566,849,opt
j.rnd.10x10.train.2567,784,opt
j.rnd.10x10.train.2568,796,opt
j.rnd.10x10.train.2569,808,opt
j.rnd.10x10.train.2570,884,opt
j.rnd.10x10.train.2571,762,opt
j.rnd.10x10.train.2572,811,opt
j.rnd.10x10.train.2573,824,opt
j.rnd.10x10.train.2574,829,opt
j.rnd.10x10.train.2575,812,opt
j.rnd.10x10.train.2576,750,opt
j.rnd.10x10.train.2577,784,opt
j.rnd.10x10.train.2578,754,opt
j.rnd.10x10.train.2579,822,opt
j.rnd.10x10.train.2580,766,opt
j.rnd.10x10.train.2581,791,opt
j.rnd.10x10.train.2582,869,opt
j.rnd.10x10.train.2583,874,opt
j.rnd.10x10.train.2584,822,opt
j.rnd.10x10.train.2585,758,opt
j.rnd.10x10.train.2586,835,opt
j.rnd.10x10.train.2587,822,opt
j.rnd.10x10.train.2588,798,opt
j.rnd.10x10.train.2589,852,opt
j.rnd.10x10.train.2590,877,opt
j.rnd.10x10.train.2591,789,opt
j.rnd.10x10.train.2592,971,opt
j.rnd.10x10.train.2593,854,opt
j.rnd.10x10.train.2594,754,opt
j.rnd.10x10.train.2595,847,opt
j.rnd.10x10.train.2596,856,opt
j.rnd.10x10.train.2597,730,opt
j.rnd.10x10.train.2598,863,opt
j.rnd.10x10.train.2599,814,opt
j.rnd.10x10.train.2600,742,opt
j.rnd.10x10.train.2601,847,opt
j.rnd.10x10.train.2602,829,opt
j.rnd.10x10.train.2603,750,opt
j.rnd.10x10.train.2604,798,opt
j.rnd.10x10.train.2605,773,opt
j.rnd.10x10.train.2606,821,opt
j.rnd.10x10.train.2607,881,opt
j.rnd.10x10.train.2608,863,opt
j.rnd.10x10.train.2609,829,opt
j.rnd.10x10.train.2610,879,opt
j.rnd.10x10.train.2611,775,opt
j.rnd.10x10.train.2612,952,opt
j.rnd.10x10.train.2613,872,opt
j.rnd.10x10.train.2614,793,opt
j.rnd.10x10.train.2615,815,opt
j.rnd.10x10.train.2616,723,opt
j.rnd.10x10.train.2617,732,opt
j.rnd.10x10.train.2618,843,opt
j.rnd.10x10.train.2619,780,opt
j.rnd.10x10.train.2620,753,opt
j.rnd.10x10.train.2621,733,opt
j.rnd.10x10.train.2622,828,opt
j.rnd.10x10.train.2623,833,opt
j.rnd.10x10.train.2624,913,opt
j.rnd.10x10.train.2625,800,opt
j.rnd.10x10.train.2626,816,opt
j.rnd.10x10.train.2627,861,opt
j.rnd.10x10.train.2628,751,opt
j.rnd.10x10.train.2629,852,opt
j.rnd.10x10.train.2630,795,opt
j.rnd.10x10.train.2631,735,opt
j.rnd.10x10.train.2632,869,opt
j.rnd.10x10.train.2633,870,opt
j.rnd.10x10.train.2634,795,opt
j.rnd.10x10.train.2635,868,opt
j.rnd.10x10.train.2636,778,opt
j.rnd.10x10.train.2637,855,opt
j.rnd.10x10.train.2638,848,opt
j.rnd.10x10.train.2639,867,opt
j.rnd.10x10.train.2640,787,opt
j.rnd.10x10.train.2641,886,opt
j.rnd.10x10.train.2642,823,opt
j.rnd.10x10.train.2643,860,opt
j.rnd.10x10.train.2644,785,opt
j.rnd.10x10.train.2645,787,opt
j.rnd.10x10.train.2646,816,opt
j.rnd.10x10.train.2647,791,opt
j.rnd.10x10.train.2648,872,opt
j.rnd.10x10.train.2649,771,opt
j.rnd.10x10.train.2650,842,opt
j.rnd.10x10.train.2651,849,opt
j.rnd.10x10.train.2652,861,opt
j.rnd.10x10.train.2653,851,opt
j.rnd.10x10.train.2654,880,opt
j.rnd.10x10.train.2655,833,opt
j.rnd.10x10.train.2656,878,opt
j.rnd.10x10.train.2657,897,opt
j.rnd.10x10.train.2658,750,opt
j.rnd.10x10.train.2659,758,opt
j.rnd.10x10.train.2660,823,opt
j.rnd.10x10.train.2661,925,opt
j.rnd.10x10.train.2662,753,opt
j.rnd.10x10.train.2663,705,opt
j.rnd.10x10.train.2664,754,opt
j.rnd.10x10.train.2665,827,opt
j.rnd.10x10.train.2666,844,opt
j.rnd.10x10.train.2667,828,opt
j.rnd.10x10.train.2668,849,opt
j.rnd.10x10.train.2669,939,opt
j.rnd.10x10.train.2670,785,opt
j.rnd.10x10.train.2671,751,opt
j.rnd.10x10.train.2672,856,opt
j.rnd.10x10.train.2673,853,opt
j.rnd.10x10.train.2674,760,opt
j.rnd.10x10.train.2675,762,opt
j.rnd.10x10.train.2676,864,opt
j.rnd.10x10.train.2677,745,opt
j.rnd.10x10.train.2678,830,opt
j.rnd.10x10.train.2679,844,opt
j.rnd.10x10.train.2680,790,opt
j.rnd.10x10.train.2681,743,opt
j.rnd.10x10.train.2682,910,opt
j.rnd.10x10.train.2683,795,opt
j.rnd.10x10.train.2684,811,opt
j.rnd.10x10.train.2685,809,opt
j.rnd.10x10.train.2686,838,opt
j.rnd.10x10.train.2687,771,opt
j.rnd.10x10.train.2688,794,opt
j.rnd.10x10.train.2689,837,opt
j.rnd.10x10.train.2690,888,opt
j.rnd.10x10.train.2691,815,opt
j.rnd.10x10.train.2692,695,opt
j.rnd.10x10.train.2693,858,opt
j.rnd.10x10.train.2694,815,opt
j.rnd.10x10.train.2695,819,opt
j.rnd.10x10.train.2696,712,opt
j.rnd.10x10.train.2697,804,opt
j.rnd.10x10.train.2698,827,opt
j.rnd.10x10.train.2699,820,opt
j.rnd.10x10.train.2700,815,opt
j.rnd.10x10.train.2701,710,opt
j.rnd.10x10.train.2702,813,opt
j.rnd.10x10.train.2703,845,opt
j.rnd.10x10.train.2704,835,opt
j.rnd.10x10.train.2705,799,opt
j.rnd.10x10.train.2706,785,opt
j.rnd.10x10.train.2707,863,opt
j.rnd.10x10.train.2708,764,opt
j.rnd.10x10.train.2709,720,opt
j.rnd.10x10.train.2710,879,opt
j.rnd.10x10.train.2711,882,opt
j.rnd.10x10.train.2712,795,opt
j.rnd.10x10.train.2713,900,opt
j.rnd.10x10.train.2714,849,opt
j.rnd.10x10.train.2715,852,opt
j.rnd.10x10.train.2716,749,opt
j.rnd.10x10.train.2717,855,opt
j.rnd.10x10.train.2718,771,opt
j.rnd.10x10.train.2719,892,opt
j.rnd.10x10.train.2720,815,opt
j.rnd.10x10.train.2721,789,opt
j.rnd.10x10.train.2722,730,opt
j.rnd.10x10.train.2723,866,opt
j.rnd.10x10.train.2724,852,opt
j.rnd.10x10.train.2725,774,opt
j.rnd.10x10.train.2726,701,opt
j.rnd.10x10.train.2727,836,opt
j.rnd.10x10.train.2728,701,opt
j.rnd.10x10.train.2729,848,opt
j.rnd.10x10.train.2730,894,opt
j.rnd.10x10.train.2731,822,opt
j.rnd.10x10.train.2732,884,opt
j.rnd.10x10.train.2733,812,opt
j.rnd.10x10.train.2734,840,opt
j.rnd.10x10.train.2735,791,opt
j.rnd.10x10.train.2736,842,opt
j.rnd.10x10.train.2737,855,opt
j.rnd.10x10.train.2738,794,opt
j.rnd.10x10.train.2739,852,opt
j.rnd.10x10.train.2740,728,opt
j.rnd.10x10.train.2741,839,opt
j.rnd.10x10.train.2742,857,opt
j.rnd.10x10.train.2743,828,opt
j.rnd.10x10.train.2744,816,opt
j.rnd.10x10.train.2745,882,opt
j.rnd.10x10.train.2746,840,opt
j.rnd.10x10.train.2747,798,opt
j.rnd.10x10.train.2748,847,opt
j.rnd.10x10.train.2749,886,opt
j.rnd.10x10.train.2750,828,opt
j.rnd.10x10.train.2751,741,opt
j.rnd.10x10.train.2752,827,opt
j.rnd.10x10.train.2753,819,opt
j.rnd.10x10.train.2754,873,opt
j.rnd.10x10.train.2755,900,opt
j.rnd.10x10.train.2756,841,opt
j.rnd.10x10.train.2757,868,opt
j.rnd.10x10.train.2758,808,opt
j.rnd.10x10.train.2759,785,opt
j.rnd.10x10.train.2760,906,opt
j.rnd.10x10.train.2761,803,opt
j.rnd.10x10.train.2762,794,opt
j.rnd.10x10.train.2763,929,opt
j.rnd.10x10.train.2764,864,opt
j.rnd.10x10.train.2765,743,opt
j.rnd.10x10.train.2766,744,opt
j.rnd.10x10.train.2767,799,opt
j.rnd.10x10.train.2768,911,opt
j.rnd.10x10.train.2769,853,opt
j.rnd.10x10.train.2770,760,opt
j.rnd.10x10.train.2771,776,opt
j.rnd.10x10.train.2772,742,opt
j.rnd.10x10.train.2773,888,opt
j.rnd.10x10.train.2774,796,opt
j.rnd.10x10.train.2775,871,opt
j.rnd.10x10.train.2776,984,opt
j.rnd.10x10.train.2777,956,opt
j.rnd.10x10.train.2778,826,opt
j.rnd.10x10.train.2779,726,opt
j.rnd.10x10.train.2780,835,opt
j.rnd.10x10.train.2781,867,opt
j.rnd.10x10.train.2782,735,opt
j.rnd.10x10.train.2783,830,opt
j.rnd.10x10.train.2784,794,opt
j.rnd.10x10.train.2785,762,opt
j.rnd.10x10.train.2786,816,opt
j.rnd.10x10.train.2787,815,opt
j.rnd.10x10.train.2788,927,opt
j.rnd.10x10.train.2789,823,opt
j.rnd.10x10.train.2790,791,opt
j.rnd.10x10.train.2791,842,opt
j.rnd.10x10.train.2792,882,opt
j.rnd.10x10.train.2793,838,opt
j.rnd.10x10.train.2794,865,opt
j.rnd.10x10.train.2795,834,opt
j.rnd.10x10.train.2796,777,opt
j.rnd.10x10.train.2797,798,opt
j.rnd.10x10.train.2798,715,opt
j.rnd.10x10.train.2799,849,opt
j.rnd.10x10.train.2800,808,opt
j.rnd.10x10.train.2801,771,opt
j.rnd.10x10.train.2802,789,opt
j.rnd.10x10.train.2803,809,opt
j.rnd.10x10.train.2804,860,opt
j.rnd.10x10.train.2805,759,opt
j.rnd.10x10.train.2806,787,opt
j.rnd.10x10.train.2807,768,opt
j.rnd.10x10.train.2808,811,opt
j.rnd.10x10.train.2809,765,opt
j.rnd.10x10.train.2810,907,opt
j.rnd.10x10.train.2811,806,opt
j.rnd.10x10.train.2812,817,opt
j.rnd.10x10.train.2813,768,opt
j.rnd.10x10.train.2814,771,opt
j.rnd.10x10.train.2815,835,opt
j.rnd.10x10.train.2816,835,opt
j.rnd.10x10.train.2817,805,opt
j.rnd.10x10.train.2818,761,opt
j.rnd.10x10.train.2819,807,opt
j.rnd.10x10.train.2820,853,opt
j.rnd.10x10.train.2821,862,opt
j.rnd.10x10.train.2822,803,opt
j.rnd.10x10.train.2823,852,opt
j.rnd.10x10.train.2824,789,opt
j.rnd.10x10.train.2825,780,opt
j.rnd.10x10.train.2826,807,opt
j.rnd.10x10.train.2827,816,opt
j.rnd.10x10.train.2828,941,opt
j.rnd.10x10.train.2829,766,opt
j.rnd.10x10.train.2830,876,opt
j.rnd.10x10.train.2831,737,opt
j.rnd.10x10.train.2832,816,opt
j.rnd.10x10.train.2833,891,opt
j.rnd.10x10.train.2834,924,opt
j.rnd.10x10.train.2835,826,opt
j.rnd.10x10.train.2836,893,opt
j.rnd.10x10.train.2837,836,opt
j.rnd.10x10.train.2838,872,opt
j.rnd.10x10.train.2839,800,opt
j.rnd.10x10.train.2840,811,opt
j.rnd.10x10.train.2841,922,opt
j.rnd.10x10.train.2842,783,opt
j.rnd.10x10.train.2843,837,opt
j.rnd.10x10.train.2844,769,opt
j.rnd.10x10.train.2845,889,opt
j.rnd.10x10.train.2846,875,opt
j.rnd.10x10.train.2847,814,opt
j.rnd.10x10.train.2848,762,opt
j.rnd.10x10.train.2849,835,opt
j.rnd.10x10.train.2850,805,opt
j.rnd.10x10.train.2851,874,opt
j.rnd.10x10.train.2852,837,opt
j.rnd.10x10.train.2853,836,opt
j.rnd.10x10.train.2854,833,opt
j.rnd.10x10.train.2855,756,opt
j.rnd.10x10.train.2856,720,opt
j.rnd.10x10.train.2857,741,opt
j.rnd.10x10.train.2858,763,opt
j.rnd.10x10.train.2859,767,opt
j.rnd.10x10.train.2860,735,opt
j.rnd.10x10.train.2861,845,opt
j.rnd.10x10.train.2862,867,opt
j.rnd.10x10.train.2863,847,opt
j.rnd.10x10.train.2864,854,opt
j.rnd.10x10.train.2865,969,opt
j.rnd.10x10.train.2866,858,opt
j.rnd.10x10.train.2867,907,opt
j.rnd.10x10.train.2868,780,opt
j.rnd.10x10.train.2869,770,opt
j.rnd.10x10.train.2870,835,opt
j.rnd.10x10.train.2871,825,opt
j.rnd.10x10.train.2872,772,opt
j.rnd.10x10.train.2873,797,opt
j.rnd.10x10.train.2874,792,opt
j.rnd.10x10.train.2875,842,opt
j.rnd.10x10.train.2876,814,opt
j.rnd.10x10.train.2877,836,opt
j.rnd.10x10.train.2878,812,opt
j.rnd.10x10.train.2879,857,opt
j.rnd.10x10.train.2880,756,opt
j.rnd.10x10.train.2881,789,opt
j.rnd.10x10.train.2882,814,opt
j.rnd.10x10.train.2883,832,opt
j.rnd.10x10.train.2884,794,opt
j.rnd.10x10.train.2885,861,opt
j.rnd.10x10.train.2886,769,opt
j.rnd.10x10.train.2887,890,opt
j.rnd.10x10.train.2888,843,opt
j.rnd.10x10.train.2889,760,opt
j.rnd.10x10.train.2890,717,opt
j.rnd.10x10.train.2891,825,opt
j.rnd.10x10.train.2892,808,opt
j.rnd.10x10.train.2893,809,opt
j.rnd.10x10.train.2894,807,opt
j.rnd.10x10.train.2895,845,opt
j.rnd.10x10.train.2896,882,opt
j.rnd.10x10.train.2897,867,opt
j.rnd.10x10.train.2898,839,opt
j.rnd.10x10.train.2899,740,opt
j.rnd.10x10.train.2900,873,opt
j.rnd.10x10.train.2901,761,opt
j.rnd.10x10.train.2902,738,opt
j.rnd.10x10.train.2903,872,opt
j.rnd.10x10.train.2904,768,opt
j.rnd.10x10.train.2905,844,opt
j.rnd.10x10.train.2906,844,opt
j.rnd.10x10.train.2907,803,opt
j.rnd.10x10.train.2908,852,opt
j.rnd.10x10.train.2909,885,opt
j.rnd.10x10.train.2910,850,opt
j.rnd.10x10.train.2911,851,opt
j.rnd.10x10.train.2912,828,opt
j.rnd.10x10.train.2913,873,opt
j.rnd.10x10.train.2914,808,opt
j.rnd.10x10.train.2915,745,opt
j.rnd.10x10.train.2916,740,opt
j.rnd.10x10.train.2917,769,opt
j.rnd.10x10.train.2918,751,opt
j.rnd.10x10.train.2919,852,opt
j.rnd.10x10.train.2920,813,opt
j.rnd.10x10.train.2921,879,opt
j.rnd.10x10.train.2922,773,opt
j.rnd.10x10.train.2923,758,opt
j.rnd.10x10.train.2924,854,opt
j.rnd.10x10.train.2925,805,opt
j.rnd.10x10.train.2926,743,opt
j.rnd.10x10.train.2927,768,opt
j.rnd.10x10.train.2928,840,opt
j.rnd.10x10.train.2929,764,opt
j.rnd.10x10.train.2930,788,opt
j.rnd.10x10.train.2931,807,opt
j.rnd.10x10.train.2932,850,opt
j.rnd.10x10.train.2933,896,opt
j.rnd.10x10.train.2934,742,opt
j.rnd.10x10.train.2935,795,opt
j.rnd.10x10.train.2936,784,opt
j.rnd.10x10.train.2937,843,opt
j.rnd.10x10.train.2938,878,opt
j.rnd.10x10.train.2939,782,opt
j.rnd.10x10.train.2940,731,opt
j.rnd.10x10.train.2941,785,opt
j.rnd.10x10.train.2942,766,opt
j.rnd.10x10.train.2943,898,opt
j.rnd.10x10.train.2944,808,opt
j.rnd.10x10.train.2945,890,opt
j.rnd.10x10.train.2946,801,opt
j.rnd.10x10.train.2947,924,opt
j.rnd.10x10.train.2948,804,opt
j.rnd.10x10.train.2949,821,opt
j.rnd.10x10.train.2950,890,opt
j.rnd.10x10.train.2951,864,opt
j.rnd.10x10.train.2952,923,opt
j.rnd.10x10.train.2953,805,opt
j.rnd.10x10.train.2954,812,opt
j.rnd.10x10.train.2955,757,opt
j.rnd.10x10.train.2956,817,opt
j.rnd.10x10.train.2957,765,opt
j.rnd.10x10.train.2958,877,opt
j.rnd.10x10.train.2959,800,opt
j.rnd.10x10.train.2960,826,opt
j.rnd.10x10.train.2961,767,opt
j.rnd.10x10.train.2962,820,opt
j.rnd.10x10.train.2963,989,opt
j.rnd.10x10.train.2964,802,opt
j.rnd.10x10.train.2965,979,opt
j.rnd.10x10.train.2966,767,opt
j.rnd.10x10.train.2967,742,opt
j.rnd.10x10.train.2968,813,opt
j.rnd.10x10.train.2969,859,opt
j.rnd.10x10.train.2970,768,opt
j.rnd.10x10.train.2971,805,opt
j.rnd.10x10.train.2972,811,opt
j.rnd.10x10.train.2973,802,opt
j.rnd.10x10.train.2974,833,opt
j.rnd.10x10.train.2975,815,opt
j.rnd.10x10.train.2976,751,opt
j.rnd.10x10.train.2977,803,opt
j.rnd.10x10.train.2978,802,opt
j.rnd.10x10.train.2979,834,opt
j.rnd.10x10.train.2980,852,opt
j.rnd.10x10.train.2981,853,opt
j.rnd.10x10.train.2982,901,opt
j.rnd.10x10.train.2983,804,opt
j.rnd.10x10.train.2984,846,opt
j.rnd.10x10.train.2985,861,opt
j.rnd.10x10.train.2986,787,opt
j.rnd.10x10.train.2987,816,opt
j.rnd.10x10.train.2988,804,opt
j.rnd.10x10.train.2989,879,opt
j.rnd.10x10.train.2990,796,opt
j.rnd.10x10.train.2991,950,opt
j.rnd.10x10.train.2992,805,opt
j.rnd.10x10.train.2993,784,opt
j.rnd.10x10.train.2994,719,opt
j.rnd.10x10.train.2995,799,opt
j.rnd.10x10.train.2996,778,opt
j.rnd.10x10.train.2997,839,opt
j.rnd.10x10.train.2998,792,opt
j.rnd.10x10.train.2999,679,opt
j.rnd.10x10.train.3000,874,opt
j.rnd.10x10.train.3001,854,opt
j.rnd.10x10.train.3002,832,opt
j.rnd.10x10.train.3003,853,opt
j.rnd.10x10.train.3004,753,opt
j.rnd.10x10.train.3005,880,opt
j.rnd.10x10.train.3006,871,opt
j.rnd.10x10.train.3007,894,opt
j.rnd.10x10.train.3008,842,opt
j.rnd.10x10.train.3009,889,opt
j.rnd.10x10.train.3010,893,opt
j.rnd.10x10.train.3011,836,opt
j.rnd.10x10.train.3012,760,opt
j.rnd.10x10.train.3013,859,opt
j.rnd.10x10.train.3014,819,opt
j.rnd.10x10.train.3015,841,opt
j.rnd.10x10.train.3016,796,opt
j.rnd.10x10.train.3017,772,opt
j.rnd.10x10.train.3018,854,opt
j.rnd.10x10.train.3019,755,opt
j.rnd.10x10.train.3020,792,opt
j.rnd.10x10.train.3021,843,opt
j.rnd.10x10.train.3022,831,opt
j.rnd.10x10.train.3023,807,opt
j.rnd.10x10.train.3024,704,opt
j.rnd.10x10.train.3025,886,opt
j.rnd.10x10.train.3026,815,opt
j.rnd.10x10.train.3027,803,opt
j.rnd.10x10.train.3028,824,opt
j.rnd.10x10.train.3029,800,opt
j.rnd.10x10.train.3030,857,opt
j.rnd.10x10.train.3031,916,opt
j.rnd.10x10.train.3032,843,opt
j.rnd.10x10.train.3033,793,opt
j.rnd.10x10.train.3034,909,opt
j.rnd.10x10.train.3035,748,opt
j.rnd.10x10.train.3036,703,opt
j.rnd.10x10.train.3037,775,opt
j.rnd.10x10.train.3038,703,opt
j.rnd.10x10.train.3039,828,opt
j.rnd.10x10.train.3040,798,opt
j.rnd.10x10.train.3041,719,opt
j.rnd.10x10.train.3042,860,opt
j.rnd.10x10.train.3043,812,opt
j.rnd.10x10.train.3044,795,opt
j.rnd.10x10.train.3045,706,opt
j.rnd.10x10.train.3046,854,opt
j.rnd.10x10.train.3047,857,opt
j.rnd.10x10.train.3048,806,opt
j.rnd.10x10.train.3049,783,opt
j.rnd.10x10.train.3050,850,opt
j.rnd.10x10.train.3051,821,opt
j.rnd.10x10.train.3052,896,opt
j.rnd.10x10.train.3053,761,opt
j.rnd.10x10.train.3054,796,opt
j.rnd.10x10.train.3055,924,opt
j.rnd.10x10.train.3056,767,opt
j.rnd.10x10.train.3057,713,opt
j.rnd.10x10.train.3058,752,opt
j.rnd.10x10.train.3059,754,opt
j.rnd.10x10.train.3060,837,opt
j.rnd.10x10.train.3061,809,opt
j.rnd.10x10.train.3062,822,opt
j.rnd.10x10.train.3063,820,opt
j.rnd.10x10.train.3064,895,opt
j.rnd.10x10.train.3065,776,opt
j.rnd.10x10.train.3066,738,opt
j.rnd.10x10.train.3067,823,opt
j.rnd.10x10.train.3068,900,opt
j.rnd.10x10.train.3069,806,opt
j.rnd.10x10.train.3070,833,opt
j.rnd.10x10.train.3071,741,opt
j.rnd.10x10.train.3072,849,opt
j.rnd.10x10.train.3073,875,opt
j.rnd.10x10.train.3074,759,opt
j.rnd.10x10.train.3075,829,opt
j.rnd.10x10.train.3076,783,opt
j.rnd.10x10.train.3077,828,opt
j.rnd.10x10.train.3078,829,opt
j.rnd.10x10.train.3079,729,opt
j.rnd.10x10.train.3080,941,opt
j.rnd.10x10.train.3081,823,opt
j.rnd.10x10.train.3082,821,opt
j.rnd.10x10.train.3083,855,opt
j.rnd.10x10.train.3084,781,opt
j.rnd.10x10.train.3085,811,opt
j.rnd.10x10.train.3086,787,opt
j.rnd.10x10.train.3087,772,opt
j.rnd.10x10.train.3088,806,opt
j.rnd.10x10.train.3089,938,opt
j.rnd.10x10.train.3090,832,opt
j.rnd.10x10.train.3091,772,opt
j.rnd.10x10.train.3092,895,opt
j.rnd.10x10.train.3093,782,opt
j.rnd.10x10.train.3094,854,opt
j.rnd.10x10.train.3095,812,opt
j.rnd.10x10.train.3096,903,opt
j.rnd.10x10.train.3097,822,opt
j.rnd.10x10.train.3098,749,opt
j.rnd.10x10.train.3099,823,opt
j.rnd.10x10.train.3100,883,opt
j.rnd.10x10.train.3101,863,opt
j.rnd.10x10.train.3102,834,opt
j.rnd.10x10.train.3103,884,opt
j.rnd.10x10.train.3104,759,opt
j.rnd.10x10.train.3105,765,opt
j.rnd.10x10.train.3106,836,opt
j.rnd.10x10.train.3107,892,opt
j.rnd.10x10.train.3108,795,opt
j.rnd.10x10.train.3109,811,opt
j.rnd.10x10.train.3110,777,opt
j.rnd.10x10.train.3111,940,opt
j.rnd.10x10.train.3112,896,opt
j.rnd.10x10.train.3113,664,opt
j.rnd.10x10.train.3114,789,opt
j.rnd.10x10.train.3115,805,opt
j.rnd.10x10.train.3116,857,opt
j.rnd.10x10.train.3117,785,opt
j.rnd.10x10.train.3118,790,opt
j.rnd.10x10.train.3119,838,opt
j.rnd.10x10.train.3120,784,opt
j.rnd.10x10.train.3121,731,opt
j.rnd.10x10.train.3122,913,opt
j.rnd.10x10.train.3123,792,opt
j.rnd.10x10.train.3124,725,opt
j.rnd.10x10.train.3125,840,opt
j.rnd.10x10.train.3126,815,opt
j.rnd.10x10.train.3127,811,opt
j.rnd.10x10.train.3128,780,opt
j.rnd.10x10.train.3129,758,opt
j.rnd.10x10.train.3130,853,opt
j.rnd.10x10.train.3131,868,opt
j.rnd.10x10.train.3132,837,opt
j.rnd.10x10.train.3133,824,opt
j.rnd.10x10.train.3134,880,opt
j.rnd.10x10.train.3135,823,opt
j.rnd.10x10.train.3136,762,opt
j.rnd.10x10.train.3137,795,opt
j.rnd.10x10.train.3138,795,opt
j.rnd.10x10.train.3139,679,opt
j.rnd.10x10.train.3140,844,opt
j.rnd.10x10.train.3141,855,opt
j.rnd.10x10.train.3142,688,opt
j.rnd.10x10.train.3143,728,opt
j.rnd.10x10.train.3144,781,opt
j.rnd.10x10.train.3145,723,opt
j.rnd.10x10.train.3146,825,opt
j.rnd.10x10.train.3147,812,opt
j.rnd.10x10.train.3148,887,opt
j.rnd.10x10.train.3149,856,opt
j.rnd.10x10.train.3150,726,opt
j.rnd.10x10.train.3151,898,opt
j.rnd.10x10.train.3152,834,opt
j.rnd.10x10.train.3153,859,opt
j.rnd.10x10.train.3154,754,opt
j.rnd.10x10.train.3155,789,opt
j.rnd.10x10.train.3156,792,opt
j.rnd.10x10.train.3157,823,opt
j.rnd.10x10.train.3158,798,opt
j.rnd.10x10.train.3159,776,opt
j.rnd.10x10.train.3160,900,opt
j.rnd.10x10.train.3161,911,opt
j.rnd.10x10.train.3162,775,opt
j.rnd.10x10.train.3163,875,opt
j.rnd.10x10.train.3164,824,opt
j.rnd.10x10.train.3165,871,opt
j.rnd.10x10.train.3166,812,opt
j.rnd.10x10.train.3167,845,opt
j.rnd.10x10.train.3168,850,opt
j.rnd.10x10.train.3169,732,opt
j.rnd.10x10.train.3170,685,opt
j.rnd.10x10.train.3171,840,opt
j.rnd.10x10.train.3172,891,opt
j.rnd.10x10.train.3173,803,opt
j.rnd.10x10.train.3174,805,opt
j.rnd.10x10.train.3175,830,opt
j.rnd.10x10.train.3176,818,opt
j.rnd.10x10.train.3177,861,opt
j.rnd.10x10.train.3178,863,opt
j.rnd.10x10.train.3179,896,opt
j.rnd.10x10.train.3180,856,opt
j.rnd.10x10.train.3181,846,opt
j.rnd.10x10.train.3182,894,opt
j.rnd.10x10.train.3183,752,opt
j.rnd.10x10.train.3184,793,opt
j.rnd.10x10.train.3185,797,opt
j.rnd.10x10.train.3186,793,opt
j.rnd.10x10.train.3187,860,opt
j.rnd.10x10.train.3188,763,opt
j.rnd.10x10.train.3189,885,opt
j.rnd.10x10.train.3190,837,opt
j.rnd.10x10.train.3191,868,opt
j.rnd.10x10.train.3192,818,opt
j.rnd.10x10.train.3193,850,opt
j.rnd.10x10.train.3194,818,opt
j.rnd.10x10.train.3195,772,opt
j.rnd.10x10.train.3196,928,opt
j.rnd.10x10.train.3197,783,opt
j.rnd.10x10.train.3198,843,opt
j.rnd.10x10.train.3199,764,opt
j.rnd.10x10.train.3200,803,opt
j.rnd.10x10.train.3201,791,opt
j.rnd.10x10.train.3202,850,opt
j.rnd.10x10.train.3203,821,opt
j.rnd.10x10.train.3204,756,opt
j.rnd.10x10.train.3205,737,opt
j.rnd.10x10.train.3206,852,opt
j.rnd.10x10.train.3207,770,opt
j.rnd.10x10.train.3208,814,opt
j.rnd.10x10.train.3209,774,opt
j.rnd.10x10.train.3210,751,opt
j.rnd.10x10.train.3211,826,opt
j.rnd.10x10.train.3212,833,opt
j.rnd.10x10.train.3213,786,opt
j.rnd.10x10.train.3214,840,opt
j.rnd.10x10.train.3215,871,opt
j.rnd.10x10.train.3216,809,opt
j.rnd.10x10.train.3217,933,opt
j.rnd.10x10.train.3218,723,opt
j.rnd.10x10.train.3219,825,opt
j.rnd.10x10.train.3220,707,opt
j.rnd.10x10.train.3221,843,opt
j.rnd.10x10.train.3222,759,opt
j.rnd.10x10.train.3223,802,opt
j.rnd.10x10.train.3224,840,opt
j.rnd.10x10.train.3225,789,opt
j.rnd.10x10.train.3226,736,opt
j.rnd.10x10.train.3227,804,opt
j.rnd.10x10.train.3228,819,opt
j.rnd.10x10.train.3229,866,opt
j.rnd.10x10.train.3230,818,opt
j.rnd.10x10.train.3231,877,opt
j.rnd.10x10.train.3232,890,opt
j.rnd.10x10.train.3233,814,opt
j.rnd.10x10.train.3234,883,opt
j.rnd.10x10.train.3235,775,opt
j.rnd.10x10.train.3236,926,opt
j.rnd.10x10.train.3237,740,opt
j.rnd.10x10.train.3238,790,opt
j.rnd.10x10.train.3239,777,opt
j.rnd.10x10.train.3240,838,opt
j.rnd.10x10.train.3241,779,opt
j.rnd.10x10.train.3242,790,opt
j.rnd.10x10.train.3243,745,opt
j.rnd.10x10.train.3244,780,opt
j.rnd.10x10.train.3245,802,opt
j.rnd.10x10.train.3246,834,opt
j.rnd.10x10.train.3247,854,opt
j.rnd.10x10.train.3248,818,opt
j.rnd.10x10.train.3249,850,opt
j.rnd.10x10.train.3250,878,opt
j.rnd.10x10.train.3251,786,opt
j.rnd.10x10.train.3252,782,opt
j.rnd.10x10.train.3253,871,opt
j.rnd.10x10.train.3254,785,opt
j.rnd.10x10.train.3255,772,opt
j.rnd.10x10.train.3256,774,opt
j.rnd.10x10.train.3257,762,opt
j.rnd.10x10.train.3258,809,opt
j.rnd.10x10.train.3259,679,opt
j.rnd.10x10.train.3260,841,opt
j.rnd.10x10.train.3261,777,opt
j.rnd.10x10.train.3262,837,opt
j.rnd.10x10.train.3263,755,opt
j.rnd.10x10.train.3264,860,opt
j.rnd.10x10.train.3265,826,opt
j.rnd.10x10.train.3266,966,opt
j.rnd.10x10.train.3267,756,opt
j.rnd.10x10.train.3268,980,opt
j.rnd.10x10.train.3269,822,opt
j.rnd.10x10.train.3270,959,opt
j.rnd.10x10.train.3271,741,opt
j.rnd.10x10.train.3272,768,opt
j.rnd.10x10.train.3273,776,opt
j.rnd.10x10.train.3274,761,opt
j.rnd.10x10.train.3275,775,opt
j.rnd.10x10.train.3276,761,opt
j.rnd.10x10.train.3277,782,opt
j.rnd.10x10.train.3278,851,opt
j.rnd.10x10.train.3279,809,opt
j.rnd.10x10.train.3280,766,opt
j.rnd.10x10.train.3281,850,opt
j.rnd.10x10.train.3282,869,opt
j.rnd.10x10.train.3283,830,opt
j.rnd.10x10.train.3284,809,opt
j.rnd.10x10.train.3285,810,opt
j.rnd.10x10.train.3286,848,opt
j.rnd.10x10.train.3287,834,opt
j.rnd.10x10.train.3288,896,opt
j.rnd.10x10.train.3289,776,opt
j.rnd.10x10.train.3290,765,opt
j.rnd.10x10.train.3291,840,opt
j.rnd.10x10.train.3292,873,opt
j.rnd.10x10.train.3293,764,opt
j.rnd.10x10.train.3294,860,opt
j.rnd.10x10.train.3295,853,opt
j.rnd.10x10.train.3296,833,opt
j.rnd.10x10.train.3297,809,opt
j.rnd.10x10.train.3298,815,opt
j.rnd.10x10.train.3299,845,opt
j.rnd.10x10.train.3300,848,opt
j.rnd.10x10.train.3301,793,opt
j.rnd.10x10.train.3302,857,opt
j.rnd.10x10.train.3303,718,opt
j.rnd.10x10.train.3304,800,opt
j.rnd.10x10.train.3305,731,opt
j.rnd.10x10.train.3306,741,opt
j.rnd.10x10.train.3307,836,opt
j.rnd.10x10.train.3308,877,opt
j.rnd.10x10.train.3309,840,opt
j.rnd.10x10.train.3310,808,opt
j.rnd.10x10.train.3311,870,opt
j.rnd.10x10.train.3312,763,opt
j.rnd.10x10.train.3313,842,opt
j.rnd.10x10.train.3314,868,opt
j.rnd.10x10.train.3315,823,opt
j.rnd.10x10.train.3316,919,opt
j.rnd.10x10.train.3317,747,opt
j.rnd.10x10.train.3318,805,opt
j.rnd.10x10.train.3319,734,opt
j.rnd.10x10.train.3320,822,opt
j.rnd.10x10.train.3321,872,opt
j.rnd.10x10.train.3322,796,opt
j.rnd.10x10.train.3323,748,opt
j.rnd.10x10.train.3324,801,opt
j.rnd.10x10.train.3325,815,opt
j.rnd.10x10.train.3326,894,opt
j.rnd.10x10.train.3327,907,opt
j.rnd.10x10.train.3328,880,opt
j.rnd.10x10.train.3329,759,opt
j.rnd.10x10.train.3330,839,opt
j.rnd.10x10.train.3331,812,opt
j.rnd.10x10.train.3332,706,opt
j.rnd.10x10.train.3333,847,opt
j.rnd.10x10.train.3334,755,opt
j.rnd.10x10.train.3335,724,opt
j.rnd.10x10.train.3336,767,opt
j.rnd.10x10.train.3337,805,opt
j.rnd.10x10.train.3338,788,opt
j.rnd.10x10.train.3339,888,opt
j.rnd.10x10.train.3340,795,opt
j.rnd.10x10.train.3341,792,opt
j.rnd.10x10.train.3342,803,opt
j.rnd.10x10.train.3343,819,opt
j.rnd.10x10.train.3344,849,opt
j.rnd.10x10.train.3345,845,opt
j.rnd.10x10.train.3346,805,opt
j.rnd.10x10.train.3347,766,opt
j.rnd.10x10.train.3348,777,opt
j.rnd.10x10.train.3349,806,opt
j.rnd.10x10.train.3350,830,opt
j.rnd.10x10.train.3351,774,opt
j.rnd.10x10.train.3352,855,opt
j.rnd.10x10.train.3353,813,opt
j.rnd.10x10.train.3354,879,opt
j.rnd.10x10.train.3355,924,opt
j.rnd.10x10.train.3356,903,opt
j.rnd.10x10.train.3357,793,opt
j.rnd.10x10.train.3358,758,opt
j.rnd.10x10.train.3359,815,opt
j.rnd.10x10.train.3360,748,opt
j.rnd.10x10.train.3361,896,opt
j.rnd.10x10.train.3362,806,opt
j.rnd.10x10.train.3363,756,opt
j.rnd.10x10.train.3364,799,opt
j.rnd.10x10.train.3365,796,opt
j.rnd.10x10.train.3366,752,opt
j.rnd.10x10.train.3367,841,opt
j.rnd.10x10.train.3368,738,opt
j.rnd.10x10.train.3369,783,opt
j.rnd.10x10.train.3370,749,opt
j.rnd.10x10.train.3371,780,opt
j.rnd.10x10.train.3372,728,opt
j.rnd.10x10.train.3373,808,opt
j.rnd.10x10.train.3374,795,opt
j.rnd.10x10.train.3375,829,opt
j.rnd.10x10.train.3376,781,opt
j.rnd.10x10.train.3377,738,opt
j.rnd.10x10.train.3378,769,opt
j.rnd.10x10.train.3379,856,opt
j.rnd.10x10.train.3380,748,opt
j.rnd.10x10.train.3381,784,opt
j.rnd.10x10.train.3382,757,opt
j.rnd.10x10.train.3383,896,opt
j.rnd.10x10.train.3384,740,opt
j.rnd.10x10.train.3385,845,opt
j.rnd.10x10.train.3386,919,opt
j.rnd.10x10.train.3387,830,opt
j.rnd.10x10.train.3388,826,opt
j.rnd.10x10.train.3389,683,opt
j.rnd.10x10.train.3390,820,opt
j.rnd.10x10.train.3391,855,opt
j.rnd.10x10.train.3392,791,opt
j.rnd.10x10.train.3393,836,opt
j.rnd.10x10.train.3394,835,opt
j.rnd.10x10.train.3395,758,opt
j.rnd.10x10.train.3396,787,opt
j.rnd.10x10.train.3397,785,opt
j.rnd.10x10.train.3398,865,opt
j.rnd.10x10.train.3399,886,opt
j.rnd.10x10.train.3400,786,opt
j.rnd.10x10.train.3401,797,opt
j.rnd.10x10.train.3402,792,opt
j.rnd.10x10.train.3403,832,opt
j.rnd.10x10.train.3404,834,opt
j.rnd.10x10.train.3405,844,opt
j.rnd.10x10.train.3406,853,opt
j.rnd.10x10.train.3407,880,opt
j.rnd.10x10.train.3408,957,opt
j.rnd.10x10.train.3409,828,opt
j.rnd.10x10.train.3410,886,opt
j.rnd.10x10.train.3411,814,opt
j.rnd.10x10.train.3412,896,opt
j.rnd.10x10.train.3413,813,opt
j.rnd.10x10.train.3414,799,opt
j.rnd.10x10.train.3415,814,opt
j.rnd.10x10.train.3416,778,opt
j.rnd.10x10.train.3417,732,opt
j.rnd.10x10.train.3418,788,opt
j.rnd.10x10.train.3419,812,opt
j.rnd.10x10.train.3420,826,opt
j.rnd.10x10.train.3421,826,opt
j.rnd.10x10.train.3422,844,opt
j.rnd.10x10.train.3423,749,opt
j.rnd.10x10.train.3424,853,opt
j.rnd.10x10.train.3425,716,opt
j.rnd.10x10.train.3426,772,opt
j.rnd.10x10.train.3427,742,opt
j.rnd.10x10.train.3428,772,opt
j.rnd.10x10.train.3429,806,opt
j.rnd.10x10.train.3430,863,opt
j.rnd.10x10.train.3431,835,opt
j.rnd.10x10.train.3432,866,opt
j.rnd.10x10.train.3433,812,opt
j.rnd.10x10.train.3434,808,opt
j.rnd.10x10.train.3435,814,opt
j.rnd.10x10.train.3436,821,opt
j.rnd.10x10.train.3437,792,opt
j.rnd.10x10.train.3438,767,opt
j.rnd.10x10.train.3439,808,opt
j.rnd.10x10.train.3440,813,opt
j.rnd.10x10.train.3441,848,opt
j.rnd.10x10.train.3442,918,opt
j.rnd.10x10.train.3443,801,opt
j.rnd.10x10.train.3444,747,opt
j.rnd.10x10.train.3445,809,opt
j.rnd.10x10.train.3446,819,opt
j.rnd.10x10.train.3447,831,opt
j.rnd.10x10.train.3448,831,opt
j.rnd.10x10.train.3449,772,opt
j.rnd.10x10.train.3450,838,opt
j.rnd.10x10.train.3451,910,opt
j.rnd.10x10.train.3452,818,opt
j.rnd.10x10.train.3453,867,opt
j.rnd.10x10.train.3454,831,opt
j.rnd.10x10.train.3455,795,opt
j.rnd.10x10.train.3456,792,opt
j.rnd.10x10.train.3457,730,opt
j.rnd.10x10.train.3458,752,opt
j.rnd.10x10.train.3459,899,opt
j.rnd.10x10.train.3460,837,opt
j.rnd.10x10.train.3461,706,opt
j.rnd.10x10.train.3462,845,opt
j.rnd.10x10.train.3463,830,opt
j.rnd.10x10.train.3464,762,opt
j.rnd.10x10.train.3465,893,opt
j.rnd.10x10.train.3466,745,opt
j.rnd.10x10.train.3467,885,opt
j.rnd.10x10.train.3468,820,opt
j.rnd.10x10.train.3469,731,opt
j.rnd.10x10.train.3470,805,opt
j.rnd.10x10.train.3471,843,opt
j.rnd.10x10.train.3472,873,opt
j.rnd.10x10.train.3473,759,opt
j.rnd.10x10.train.3474,785,opt
j.rnd.10x10.train.3475,832,opt
j.rnd.10x10.train.3476,892,opt
j.rnd.10x10.train.3477,779,opt
j.rnd.10x10.train.3478,807,opt
j.rnd.10x10.train.3479,829,opt
j.rnd.10x10.train.3480,810,opt
j.rnd.10x10.train.3481,762,opt
j.rnd.10x10.train.3482,747,opt
j.rnd.10x10.train.3483,772,opt
j.rnd.10x10.train.3484,784,opt
j.rnd.10x10.train.3485,761,opt
j.rnd.10x10.train.3486,797,opt
j.rnd.10x10.train.3487,801,opt
j.rnd.10x10.train.3488,764,opt
j.rnd.10x10.train.3489,831,opt
j.rnd.10x10.train.3490,821,opt
j.rnd.10x10.train.3491,796,opt
j.rnd.10x10.train.3492,859,opt
j.rnd.10x10.train.3493,738,opt
j.rnd.10x10.train.3494,799,opt
j.rnd.10x10.train.3495,807,opt
j.rnd.10x10.train.3496,855,opt
j.rnd.10x10.train.3497,854,opt
j.rnd.10x10.train.3498,882,opt
j.rnd.10x10.train.3499,723,opt
j.rnd.10x10.train.3500,864,opt
j.rnd.10x10.train.3501,839,opt
j.rnd.10x10.train.3502,891,opt
j.rnd.10x10.train.3503,761,opt
j.rnd.10x10.train.3504,890,opt
j.rnd.10x10.train.3505,872,opt
j.rnd.10x10.train.3506,784,opt
j.rnd.10x10.train.3507,722,opt
j.rnd.10x10.train.3508,924,opt
j.rnd.10x10.train.3509,757,opt
j.rnd.10x10.train.3510,838,opt
j.rnd.10x10.train.3511,815,opt
j.rnd.10x10.train.3512,815,opt
j.rnd.10x10.train.3513,845,opt
j.rnd.10x10.train.3514,793,opt
j.rnd.10x10.train.3515,801,opt
j.rnd.10x10.train.3516,817,opt
j.rnd.10x10.train.3517,892,opt
j.rnd.10x10.train.3518,752,opt
j.rnd.10x10.train.3519,880,opt
j.rnd.10x10.train.3520,781,opt
j.rnd.10x10.train.3521,813,opt
j.rnd.10x10.train.3522,683,opt
j.rnd.10x10.train.3523,792,opt
j.rnd.10x10.train.3524,796,opt
j.rnd.10x10.train.3525,878,opt
j.rnd.10x10.train.3526,819,opt
j.rnd.10x10.train.3527,893,opt
j.rnd.10x10.train.3528,776,opt
j.rnd.10x10.train.3529,795,opt
j.rnd.10x10.train.3530,834,opt
j.rnd.10x10.train.3531,839,opt
j.rnd.10x10.train.3532,855,opt
j.rnd.10x10.train.3533,699,opt
j.rnd.10x10.train.3534,763,opt
j.rnd.10x10.train.3535,885,opt
j.rnd.10x10.train.3536,779,opt
j.rnd.10x10.train.3537,943,opt
j.rnd.10x10.train.3538,883,opt
j.rnd.10x10.train.3539,825,opt
j.rnd.10x10.train.3540,841,opt
j.rnd.10x10.train.3541,815,opt
j.rnd.10x10.train.3542,811,opt
j.rnd.10x10.train.3543,776,opt
j.rnd.10x10.train.3544,840,opt
j.rnd.10x10.train.3545,857,opt
j.rnd.10x10.train.3546,783,opt
j.rnd.10x10.train.3547,805,opt
j.rnd.10x10.train.3548,814,opt
j.rnd.10x10.train.3549,830,opt
j.rnd.10x10.train.3550,730,opt
j.rnd.10x10.train.3551,807,opt
j.rnd.10x10.train.3552,732,opt
j.rnd.10x10.train.3553,814,opt
j.rnd.10x10.train.3554,806,opt
j.rnd.10x10.train.3555,803,opt
j.rnd.10x10.train.3556,896,opt
j.rnd.10x10.train.3557,802,opt
j.rnd.10x10.train.3558,808,opt
j.rnd.10x10.train.3559,859,opt
j.rnd.10x10.train.3560,840,opt
j.rnd.10x10.train.3561,854,opt
j.rnd.10x10.train.3562,803,opt
j.rnd.10x10.train.3563,803,opt
j.rnd.10x10.train.3564,806,opt
j.rnd.10x10.train.3565,784,opt
j.rnd.10x10.train.3566,835,opt
j.rnd.10x10.train.3567,654,opt
j.rnd.10x10.train.3568,846,opt
j.rnd.10x10.train.3569,804,opt
j.rnd.10x10.train.3570,827,opt
j.rnd.10x10.train.3571,745,opt
j.rnd.10x10.train.3572,933,opt
j.rnd.10x10.train.3573,926,opt
j.rnd.10x10.train.3574,821,opt
j.rnd.10x10.train.3575,823,opt
j.rnd.10x10.train.3576,791,opt
j.rnd.10x10.train.3577,833,opt
j.rnd.10x10.train.3578,792,opt
j.rnd.10x10.train.3579,743,opt
j.rnd.10x10.train.3580,827,opt
j.rnd.10x10.train.3581,821,opt
j.rnd.10x10.train.3582,802,opt
j.rnd.10x10.train.3583,759,opt
j.rnd.10x10.train.3584,797,opt
j.rnd.10x10.train.3585,812,opt
j.rnd.10x10.train.3586,870,opt
j.rnd.10x10.train.3587,805,opt
j.rnd.10x10.train.3588,825,opt
j.rnd.10x10.train.3589,846,opt
j.rnd.10x10.train.3590,781,opt
j.rnd.10x10.train.3591,801,opt
j.rnd.10x10.train.3592,808,opt
j.rnd.10x10.train.3593,817,opt
j.rnd.10x10.train.3594,752,opt
j.rnd.10x10.train.3595,877,opt
j.rnd.10x10.train.3596,784,opt
j.rnd.10x10.train.3597,790,opt
j.rnd.10x10.train.3598,756,opt
j.rnd.10x10.train.3599,788,opt
j.rnd.10x10.train.3600,896,opt
j.rnd.10x10.train.3601,740,opt
j.rnd.10x10.train.3602,805,opt
j.rnd.10x10.train.3603,790,opt
j.rnd.10x10.train.3604,820,opt
j.rnd.10x10.train.3605,748,opt
j.rnd.10x10.train.3606,813,opt
j.rnd.10x10.train.3607,789,opt
j.rnd.10x10.train.3608,849,opt
j.rnd.10x10.train.3609,751,opt
j.rnd.10x10.train.3610,761,opt
j.rnd.10x10.train.3611,842,opt
j.rnd.10x10.train.3612,843,opt
j.rnd.10x10.train.3613,824,opt
j.rnd.10x10.train.3614,882,opt
j.rnd.10x10.train.3615,802,opt
j.rnd.10x10.train.3616,744,opt
j.rnd.10x10.train.3617,796,opt
j.rnd.10x10.train.3618,827,opt
j.rnd.10x10.train.3619,777,opt
j.rnd.10x10.train.3620,773,opt
j.rnd.10x10.train.3621,806,opt
j.rnd.10x10.train.3622,916,opt
j.rnd.10x10.train.3623,835,opt
j.rnd.10x10.train.3624,823,opt
j.rnd.10x10.train.3625,832,opt
j.rnd.10x10.train.3626,933,opt
j.rnd.10x10.train.3627,832,opt
j.rnd.10x10.train.3628,835,opt
j.rnd.10x10.train.3629,810,opt
j.rnd.10x10.train.3630,869,opt
j.rnd.10x10.train.3631,753,opt
j.rnd.10x10.train.3632,798,opt
j.rnd.10x10.train.3633,773,opt
j.rnd.10x10.train.3634,892,opt
j.rnd.10x10.train.3635,851,opt
j.rnd.10x10.train.3636,841,opt
j.rnd.10x10.train.3637,737,opt
j.rnd.10x10.train.3638,906,opt
j.rnd.10x10.train.3639,872,opt
j.rnd.10x10.train.3640,789,opt
j.rnd.10x10.train.3641,804,opt
j.rnd.10x10.train.3642,817,opt
j.rnd.10x10.train.3643,831,opt
j.rnd.10x10.train.3644,837,opt
j.rnd.10x10.train.3645,949,opt
j.rnd.10x10.train.3646,877,opt
j.rnd.10x10.train.3647,800,opt
j.rnd.10x10.train.3648,767,opt
j.rnd.10x10.train.3649,808,opt
j.rnd.10x10.train.3650,724,opt
j.rnd.10x10.train.3651,853,opt
j.rnd.10x10.train.3652,803,opt
j.rnd.10x10.train.3653,768,opt
j.rnd.10x10.train.3654,820,opt
j.rnd.10x10.train.3655,785,opt
j.rnd.10x10.train.3656,779,opt
j.rnd.10x10.train.3657,771,opt
j.rnd.10x10.train.3658,786,opt
j.rnd.10x10.train.3659,754,opt
j.rnd.10x10.train.3660,912,opt
j.rnd.10x10.train.3661,828,opt
j.rnd.10x10.train.3662,736,opt
j.rnd.10x10.train.3663,847,opt
j.rnd.10x10.train.3664,874,opt
j.rnd.10x10.train.3665,852,opt
j.rnd.10x10.train.3666,788,opt
j.rnd.10x10.train.3667,790,opt
j.rnd.10x10.train.3668,842,opt
j.rnd.10x10.train.3669,869,opt
j.rnd.10x10.train.3670,818,opt
j.rnd.10x10.train.3671,827,opt
j.rnd.10x10.train.3672,830,opt
j.rnd.10x10.train.3673,797,opt
j.rnd.10x10.train.3674,777,opt
j.rnd.10x10.train.3675,826,opt
j.rnd.10x10.train.3676,715,opt
j.rnd.10x10.train.3677,802,opt
j.rnd.10x10.train.3678,750,opt
j.rnd.10x10.train.3679,781,opt
j.rnd.10x10.train.3680,872,opt
j.rnd.10x10.train.3681,819,opt
j.rnd.10x10.train.3682,807,opt
j.rnd.10x10.train.3683,902,opt
j.rnd.10x10.train.3684,820,opt
j.rnd.10x10.train.3685,752,opt
j.rnd.10x10.train.3686,893,opt
j.rnd.10x10.train.3687,897,opt
j.rnd.10x10.train.3688,807,opt
j.rnd.10x10.train.3689,725,opt
j.rnd.10x10.train.3690,958,opt
j.rnd.10x10.train.3691,863,opt
j.rnd.10x10.train.3692,788,opt
j.rnd.10x10.train.3693,809,opt
j.rnd.10x10.train.3694,873,opt
j.rnd.10x10.train.3695,871,opt
j.rnd.10x10.train.3696,816,opt
j.rnd.10x10.train.3697,806,opt
j.rnd.10x10.train.3698,818,opt
j.rnd.10x10.train.3699,802,opt
j.rnd.10x10.train.3700,832,opt
j.rnd.10x10.train.3701,772,opt
j.rnd.10x10.train.3702,757,opt
j.rnd.10x10.train.3703,858,opt
j.rnd.10x10.train.3704,850,opt
j.rnd.10x10.train.3705,725,opt
j.rnd.10x10.train.3706,772,opt
j.rnd.10x10.train.3707,804,opt
j.rnd.10x10.train.3708,833,opt
j.rnd.10x10.train.3709,809,opt
j.rnd.10x10.train.3710,853,opt
j.rnd.10x10.train.3711,798,opt
j.rnd.10x10.train.3712,812,opt
j.rnd.10x10.train.3713,788,opt
j.rnd.10x10.train.3714,710,opt
j.rnd.10x10.train.3715,689,opt
j.rnd.10x10.train.3716,847,opt
j.rnd.10x10.train.3717,842,opt
j.rnd.10x10.train.3718,843,opt
j.rnd.10x10.train.3719,687,opt
j.rnd.10x10.train.3720,777,opt
j.rnd.10x10.train.3721,785,opt
j.rnd.10x10.train.3722,847,opt
j.rnd.10x10.train.3723,802,opt
j.rnd.10x10.train.3724,936,opt
j.rnd.10x10.train.3725,839,opt
j.rnd.10x10.train.3726,846,opt
j.rnd.10x10.train.3727,791,opt
j.rnd.10x10.train.3728,855,opt
j.rnd.10x10.train.3729,829,opt
j.rnd.10x10.train.3730,794,opt
j.rnd.10x10.train.3731,786,opt
j.rnd.10x10.train.3732,840,opt
j.rnd.10x10.train.3733,863,opt
j.rnd.10x10.train.3734,854,opt
j.rnd.10x10.train.3735,838,opt
j.rnd.10x10.train.3736,818,opt
j.rnd.10x10.train.3737,761,opt
j.rnd.10x10.train.3738,718,opt
j.rnd.10x10.train.3739,740,opt
j.rnd.10x10.train.3740,778,opt
j.rnd.10x10.train.3741,805,opt
j.rnd.10x10.train.3742,816,opt
j.rnd.10x10.train.3743,746,opt
j.rnd.10x10.train.3744,729,opt
j.rnd.10x10.train.3745,842,opt
j.rnd.10x10.train.3746,821,opt
j.rnd.10x10.train.3747,828,opt
j.rnd.10x10.train.3748,778,opt
j.rnd.10x10.train.3749,795,opt
j.rnd.10x10.train.3750,764,opt
j.rnd.10x10.train.3751,827,opt
j.rnd.10x10.train.3752,720,opt
j.rnd.10x10.train.3753,801,opt
j.rnd.10x10.train.3754,786,opt
j.rnd.10x10.train.3755,826,opt
j.rnd.10x10.train.3756,827,opt
j.rnd.10x10.train.3757,844,opt
j.rnd.10x10.train.3758,808,opt
j.rnd.10x10.train.3759,780,opt
j.rnd.10x10.train.3760,708,opt
j.rnd.10x10.train.3761,837,opt
j.rnd.10x10.train.3762,742,opt
j.rnd.10x10.train.3763,870,opt
j.rnd.10x10.train.3764,779,opt
j.rnd.10x10.train.3765,785,opt
j.rnd.10x10.train.3766,780,opt
j.rnd.10x10.train.3767,874,opt
j.rnd.10x10.train.3768,804,opt
j.rnd.10x10.train.3769,847,opt
j.rnd.10x10.train.3770,850,opt
j.rnd.10x10.train.3771,808,opt
j.rnd.10x10.train.3772,843,opt
j.rnd.10x10.train.3773,736,opt
j.rnd.10x10.train.3774,778,opt
j.rnd.10x10.train.3775,785,opt
j.rnd.10x10.train.3776,821,opt
j.rnd.10x10.train.3777,820,opt
j.rnd.10x10.train.3778,910,opt
j.rnd.10x10.train.3779,772,opt
j.rnd.10x10.train.3780,806,opt
j.rnd.10x10.train.3781,791,opt
j.rnd.10x10.train.3782,766,opt
j.rnd.10x10.train.3783,840,opt
j.rnd.10x10.train.3784,716,opt
j.rnd.10x10.train.3785,803,opt
j.rnd.10x10.train.3786,796,opt
j.rnd.10x10.train.3787,836,opt
j.rnd.10x10.train.3788,892,opt
j.rnd.10x10.train.3789,834,opt
j.rnd.10x10.train.3790,866,opt
j.rnd.10x10.train.3791,821,opt
j.rnd.10x10.train.3792,871,opt
j.rnd.10x10.train.3793,808,opt
j.rnd.10x10.train.3794,839,opt
j.rnd.10x10.train.3795,827,opt
j.rnd.10x10.train.3796,846,opt
j.rnd.10x10.train.3797,848,opt
j.rnd.10x10.train.3798,768,opt
j.rnd.10x10.train.3799,743,opt
j.rnd.10x10.train.3800,757,opt
j.rnd.10x10.train.3801,801,opt
j.rnd.10x10.train.3802,802,opt
j.rnd.10x10.train.3803,816,opt
j.rnd.10x10.train.3804,874,opt
j.rnd.10x10.train.3805,720,opt
j.rnd.10x10.train.3806,809,opt
j.rnd.10x10.train.3807,746,opt
j.rnd.10x10.train.3808,849,opt
j.rnd.10x10.train.3809,820,opt
j.rnd.10x10.train.3810,894,opt
j.rnd.10x10.train.3811,841,opt
j.rnd.10x10.train.3812,825,opt
j.rnd.10x10.train.3813,785,opt
j.rnd.10x10.train.3814,813,opt
j.rnd.10x10.train.3815,857,opt
j.rnd.10x10.train.3816,797,opt
j.rnd.10x10.train.3817,752,opt
j.rnd.10x10.train.3818,825,opt
j.rnd.10x10.train.3819,738,opt
j.rnd.10x10.train.3820,738,opt
j.rnd.10x10.train.3821,839,opt
j.rnd.10x10.train.3822,676,opt
j.rnd.10x10.train.3823,837,opt
j.rnd.10x10.train.3824,804,opt
j.rnd.10x10.train.3825,765,opt
j.rnd.10x10.train.3826,845,opt
j.rnd.10x10.train.3827,827,opt
j.rnd.10x10.train.3828,742,opt
j.rnd.10x10.train.3829,852,opt
j.rnd.10x10.train.3830,727,opt
j.rnd.10x10.train.3831,797,opt
j.rnd.10x10.train.3832,761,opt
j.rnd.10x10.train.3833,778,opt
j.rnd.10x10.train.3834,783,opt
j.rnd.10x10.train.3835,859,opt
j.rnd.10x10.train.3836,661,opt
j.rnd.10x10.train.3837,762,opt
j.rnd.10x10.train.3838,735,opt
j.rnd.10x10.train.3839,830,opt
j.rnd.10x10.train.3840,897,opt
j.rnd.10x10.train.3841,904,opt
j.rnd.10x10.train.3842,815,opt
j.rnd.10x10.train.3843,951,opt
j.rnd.10x10.train.3844,777,opt
j.rnd.10x10.train.3845,926,opt
j.rnd.10x10.train.3846,858,opt
j.rnd.10x10.train.3847,967,opt
j.rnd.10x10.train.3848,743,opt
j.rnd.10x10.train.3849,854,opt
j.rnd.10x10.train.3850,775,opt
j.rnd.10x10.train.3851,743,opt
j.rnd.10x10.train.3852,781,opt
j.rnd.10x10.train.3853,851,opt
j.rnd.10x10.train.3854,824,opt
j.rnd.10x10.train.3855,830,opt
j.rnd.10x10.train.3856,821,opt
j.rnd.10x10.train.3857,773,opt
j.rnd.10x10.train.3858,816,opt
j.rnd.10x10.train.3859,772,opt
j.rnd.10x10.train.3860,852,opt
j.rnd.10x10.train.3861,900,opt
j.rnd.10x10.train.3862,912,opt
j.rnd.10x10.train.3863,802,opt
j.rnd.10x10.train.3864,861,opt
j.rnd.10x10.train.3865,809,opt
j.rnd.10x10.train.3866,870,opt
j.rnd.10x10.train.3867,791,opt
j.rnd.10x10.train.3868,844,opt
j.rnd.10x10.train.3869,824,opt
j.rnd.10x10.train.3870,887,opt
j.rnd.10x10.train.3871,800,opt
j.rnd.10x10.train.3872,794,opt
j.rnd.10x10.train.3873,833,opt
j.rnd.10x10.train.3874,790,opt
j.rnd.10x10.train.3875,805,opt
j.rnd.10x10.train.3876,796,opt
j.rnd.10x10.train.3877,745,opt
j.rnd.10x10.train.3878,841,opt
j.rnd.10x10.train.3879,720,opt
j.rnd.10x10.train.3880,735,opt
j.rnd.10x10.train.3881,850,opt
j.rnd.10x10.train.3882,761,opt
j.rnd.10x10.train.3883,787,opt
j.rnd.10x10.train.3884,801,opt
j.rnd.10x10.train.3885,844,opt
j.rnd.10x10.train.3886,822,opt
j.rnd.10x10.train.3887,814,opt
j.rnd.10x10.train.3888,758,opt
j.rnd.10x10.train.3889,870,opt
j.rnd.10x10.train.3890,714,opt
j.rnd.10x10.train.3891,839,opt
j.rnd.10x10.train.3892,861,opt
j.rnd.10x10.train.3893,849,opt
j.rnd.10x10.train.3894,731,opt
j.rnd.10x10.train.3895,775,opt
j.rnd.10x10.train.3896,822,opt
j.rnd.10x10.train.3897,830,opt
j.rnd.10x10.train.3898,818,opt
j.rnd.10x10.train.3899,870,opt
j.rnd.10x10.train.3900,887,opt
j.rnd.10x10.train.3901,872,opt
j.rnd.10x10.train.3902,746,opt
j.rnd.10x10.train.3903,754,opt
j.rnd.10x10.train.3904,817,opt
j.rnd.10x10.train.3905,774,opt
j.rnd.10x10.train.3906,832,opt
j.rnd.10x10.train.3907,695,opt
j.rnd.10x10.train.3908,797,opt
j.rnd.10x10.train.3909,803,opt
j.rnd.10x10.train.3910,845,opt
j.rnd.10x10.train.3911,834,opt
j.rnd.10x10.train.3912,765,opt
j.rnd.10x10.train.3913,784,opt
j.rnd.10x10.train.3914,829,opt
j.rnd.10x10.train.3915,822,opt
j.rnd.10x10.train.3916,797,opt
j.rnd.10x10.train.3917,762,opt
j.rnd.10x10.train.3918,913,opt
j.rnd.10x10.train.3919,800,opt
j.rnd.10x10.train.3920,718,opt
j.rnd.10x10.train.3921,857,opt
j.rnd.10x10.train.3922,834,opt
j.rnd.10x10.train.3923,846,opt
j.rnd.10x10.train.3924,841,opt
j.rnd.10x10.train.3925,860,opt
j.rnd.10x10.train.3926,850,opt
j.rnd.10x10.train.3927,878,opt
j.rnd.10x10.train.3928,754,opt
j.rnd.10x10.train.3929,784,opt
j.rnd.10x10.train.3930,800,opt
j.rnd.10x10.train.3931,821,opt
j.rnd.10x10.train.3932,755,opt
j.rnd.10x10.train.3933,780,opt
j.rnd.10x10.train.3934,917,opt
j.rnd.10x10.train.3935,790,opt
j.rnd.10x10.train.3936,767,opt
j.rnd.10x10.train.3937,791,opt
j.rnd.10x10.train.3938,864,opt
j.rnd.10x10.train.3939,753,opt
j.rnd.10x10.train.3940,888,opt
j.rnd.10x10.train.3941,717,opt
j.rnd.10x10.train.3942,801,opt
j.rnd.10x10.train.3943,820,opt
j.rnd.10x10.train.3944,798,opt
j.rnd.10x10.train.3945,820,opt
j.rnd.10x10.train.3946,919,opt
j.rnd.10x10.train.3947,748,opt
j.rnd.10x10.train.3948,751,opt
j.rnd.10x10.train.3949,764,opt
j.rnd.10x10.train.3950,786,opt
j.rnd.10x10.train.3951,820,opt
j.rnd.10x10.train.3952,872,opt
j.rnd.10x10.train.3953,772,opt
j.rnd.10x10.train.3954,841,opt
j.rnd.10x10.train.3955,778,opt
j.rnd.10x10.train.3956,845,opt
j.rnd.10x10.train.3957,778,opt
j.rnd.10x10.train.3958,883,opt
j.rnd.10x10.train.3959,779,opt
j.rnd.10x10.train.3960,790,opt
j.rnd.10x10.train.3961,848,opt
j.rnd.10x10.train.3962,807,opt
j.rnd.10x10.train.3963,719,opt
j.rnd.10x10.train.3964,811,opt
j.rnd.10x10.train.3965,858,opt
j.rnd.10x10.train.3966,759,opt
j.rnd.10x10.train.3967,743,opt
j.rnd.10x10.train.3968,944,opt
j.rnd.10x10.train.3969,875,opt
j.rnd.10x10.train.3970,795,opt
j.rnd.10x10.train.3971,766,opt
j.rnd.10x10.train.3972,736,opt
j.rnd.10x10.train.3973,811,opt
j.rnd.10x10.train.3974,804,opt
j.rnd.10x10.train.3975,750,opt
j.rnd.10x10.train.3976,852,opt
j.rnd.10x10.train.3977,910,opt
j.rnd.10x10.train.3978,785,opt
j.rnd.10x10.train.3979,807,opt
j.rnd.10x10.train.3980,763,opt
j.rnd.10x10.train.3981,800,opt
j.rnd.10x10.train.3982,754,opt
j.rnd.10x10.train.3983,875,opt
j.rnd.10x10.train.3984,749,opt
j.rnd.10x10.train.3985,714,opt
j.rnd.10x10.train.3986,831,opt
j.rnd.10x10.train.3987,838,opt
j.rnd.10x10.train.3988,813,opt
j.rnd.10x10.train.3989,790,opt
j.rnd.10x10.train.3990,825,opt
j.rnd.10x10.train.3991,786,opt
j.rnd.10x10.train.3992,782,opt
j.rnd.10x10.train.3993,734,opt
j.rnd.10x10.train.3994,756,opt
j.rnd.10x10.train.3995,817,opt
j.rnd.10x10.train.3996,848,opt
j.rnd.10x10.train.3997,817,opt
j.rnd.10x10.train.3998,868,opt
j.rnd.10x10.train.3999,919,opt
j.rnd.10x10.train.4000,770,opt
j.rnd.10x10.train.4001,886,opt
j.rnd.10x10.train.4002,820,opt
j.rnd.10x10.train.4003,802,opt
j.rnd.10x10.train.4004,758,opt
j.rnd.10x10.train.4005,889,opt
j.rnd.10x10.train.4006,775,opt
j.rnd.10x10.train.4007,807,opt
j.rnd.10x10.train.4008,765,opt
j.rnd.10x10.train.4009,814,opt
j.rnd.10x10.train.4010,782,opt
j.rnd.10x10.train.4011,751,opt
j.rnd.10x10.train.4012,848,opt
j.rnd.10x10.train.4013,787,opt
j.rnd.10x10.train.4014,789,opt
j.rnd.10x10.train.4015,828,opt
j.rnd.10x10.train.4016,788,opt
j.rnd.10x10.train.4017,831,opt
j.rnd.10x10.train.4018,851,opt
j.rnd.10x10.train.4019,800,opt
j.rnd.10x10.train.4020,777,opt
j.rnd.10x10.train.4021,856,opt
j.rnd.10x10.train.4022,848,opt
j.rnd.10x10.train.4023,835,opt
j.rnd.10x10.train.4024,816,opt
j.rnd.10x10.train.4025,797,opt
j.rnd.10x10.train.4026,748,opt
j.rnd.10x10.train.4027,841,opt
j.rnd.10x10.train.4028,843,opt
j.rnd.10x10.train.4029,848,opt
j.rnd.10x10.train.4030,864,opt
j.rnd.10x10.train.4031,846,opt
j.rnd.10x10.train.4032,799,opt
j.rnd.10x10.train.4033,750,opt
j.rnd.10x10.train.4034,718,opt
j.rnd.10x10.train.4035,855,opt
j.rnd.10x10.train.4036,832,opt
j.rnd.10x10.train.4037,803,opt
j.rnd.10x10.train.4038,766,opt
j.rnd.10x10.train.4039,837,opt
j.rnd.10x10.train.4040,802,opt
j.rnd.10x10.train.4041,727,opt
j.rnd.10x10.train.4042,812,opt
j.rnd.10x10.train.4043,871,opt
j.rnd.10x10.train.4044,718,opt
j.rnd.10x10.train.4045,831,opt
j.rnd.10x10.train.4046,844,opt
j.rnd.10x10.train.4047,789,opt
j.rnd.10x10.train.4048,875,opt
j.rnd.10x10.train.4049,868,opt
j.rnd.10x10.train.4050,707,opt
j.rnd.10x10.train.4051,862,opt
j.rnd.10x10.train.4052,813,opt
j.rnd.10x10.train.4053,726,opt
j.rnd.10x10.train.4054,711,opt
j.rnd.10x10.train.4055,793,opt
j.rnd.10x10.train.4056,718,opt
j.rnd.10x10.train.4057,749,opt
j.rnd.10x10.train.4058,744,opt
j.rnd.10x10.train.4059,883,opt
j.rnd.10x10.train.4060,791,opt
j.rnd.10x10.train.4061,897,opt
j.rnd.10x10.train.4062,878,opt
j.rnd.10x10.train.4063,737,opt
j.rnd.10x10.train.4064,754,opt
j.rnd.10x10.train.4065,838,opt
j.rnd.10x10.train.4066,755,opt
j.rnd.10x10.train.4067,769,opt
j.rnd.10x10.train.4068,831,opt
j.rnd.10x10.train.4069,810,opt
j.rnd.10x10.train.4070,807,opt
j.rnd.10x10.train.4071,851,opt
j.rnd.10x10.train.4072,895,opt
j.rnd.10x10.train.4073,791,opt
j.rnd.10x10.train.4074,924,opt
j.rnd.10x10.train.4075,920,opt
j.rnd.10x10.train.4076,872,opt
j.rnd.10x10.train.4077,918,opt
j.rnd.10x10.train.4078,874,opt
j.rnd.10x10.train.4079,788,opt
j.rnd.10x10.train.4080,810,opt
j.rnd.10x10.train.4081,908,opt
j.rnd.10x10.train.4082,868,opt
j.rnd.10x10.train.4083,850,opt
j.rnd.10x10.train.4084,955,opt
j.rnd.10x10.train.4085,838,opt
j.rnd.10x10.train.4086,840,opt
j.rnd.10x10.train.4087,761,opt
j.rnd.10x10.train.4088,837,opt
j.rnd.10x10.train.4089,912,opt
j.rnd.10x10.train.4090,834,opt
j.rnd.10x10.train.4091,830,opt
j.rnd.10x10.train.4092,848,opt
j.rnd.10x10.train.4093,850,opt
j.rnd.10x10.train.4094,797,opt
j.rnd.10x10.train.4095,868,opt
j.rnd.10x10.train.4096,788,opt
j.rnd.10x10.train.4097,688,opt
j.rnd.10x10.train.4098,818,opt
j.rnd.10x10.train.4099,802,opt
j.rnd.10x10.train.4100,781,opt
j.rnd.10x10.train.4101,825,opt
j.rnd.10x10.train.4102,852,opt
j.rnd.10x10.train.4103,887,opt
j.rnd.10x10.train.4104,814,opt
j.rnd.10x10.train.4105,874,opt
j.rnd.10x10.train.4106,898,opt
j.rnd.10x10.train.4107,827,opt
j.rnd.10x10.train.4108,838,opt
j.rnd.10x10.train.4109,797,opt
j.rnd.10x10.train.4110,794,opt
j.rnd.10x10.train.4111,841,opt
j.rnd.10x10.train.4112,828,opt
j.rnd.10x10.train.4113,778,opt
j.rnd.10x10.train.4114,857,opt
j.rnd.10x10.train.4115,770,opt
j.rnd.10x10.train.4116,842,opt
j.rnd.10x10.train.4117,847,opt
j.rnd.10x10.train.4118,799,opt
j.rnd.10x10.train.4119,785,opt
j.rnd.10x10.train.4120,809,opt
j.rnd.10x10.train.4121,903,opt
j.rnd.10x10.train.4122,769,opt
j.rnd.10x10.train.4123,848,opt
j.rnd.10x10.train.4124,842,opt
j.rnd.10x10.train.4125,763,opt
j.rnd.10x10.train.4126,788,opt
j.rnd.10x10.train.4127,794,opt
j.rnd.10x10.train.4128,853,opt
j.rnd.10x10.train.4129,814,opt
j.rnd.10x10.train.4130,853,opt
j.rnd.10x10.train.4131,851,opt
j.rnd.10x10.train.4132,882,opt
j.rnd.10x10.train.4133,881,opt
j.rnd.10x10.train.4134,784,opt
j.rnd.10x10.train.4135,774,opt
j.rnd.10x10.train.4136,782,opt
j.rnd.10x10.train.4137,763,opt
j.rnd.10x10.train.4138,836,opt
j.rnd.10x10.train.4139,801,opt
j.rnd.10x10.train.4140,782,opt
j.rnd.10x10.train.4141,754,opt
j.rnd.10x10.train.4142,750,opt
j.rnd.10x10.train.4143,824,opt
j.rnd.10x10.train.4144,883,opt
j.rnd.10x10.train.4145,922,opt
j.rnd.10x10.train.4146,773,opt
j.rnd.10x10.train.4147,844,opt
j.rnd.10x10.train.4148,789,opt
j.rnd.10x10.train.4149,863,opt
j.rnd.10x10.train.4150,796,opt
j.rnd.10x10.train.4151,840,opt
j.rnd.10x10.train.4152,828,opt
j.rnd.10x10.train.4153,848,opt
j.rnd.10x10.train.4154,854,opt
j.rnd.10x10.train.4155,998,opt
j.rnd.10x10.train.4156,887,opt
j.rnd.10x10.train.4157,877,opt
j.rnd.10x10.train.4158,804,opt
j.rnd.10x10.train.4159,799,opt
j.rnd.10x10.train.4160,737,opt
j.rnd.10x10.train.4161,795,opt
j.rnd.10x10.train.4162,816,opt
j.rnd.10x10.train.4163,784,opt
j.rnd.10x10.train.4164,702,opt
j.rnd.10x10.train.4165,865,opt
j.rnd.10x10.train.4166,906,opt
j.rnd.10x10.train.4167,803,opt
j.rnd.10x10.train.4168,814,opt
j.rnd.10x10.train.4169,855,opt
j.rnd.10x10.train.4170,855,opt
j.rnd.10x10.train.4171,930,opt
j.rnd.10x10.train.4172,797,opt
j.rnd.10x10.train.4173,770,opt
j.rnd.10x10.train.4174,867,opt
j.rnd.10x10.train.4175,823,opt
j.rnd.10x10.train.4176,741,opt
j.rnd.10x10.train.4177,721,opt
j.rnd.10x10.train.4178,851,opt
j.rnd.10x10.train.4179,836,opt
j.rnd.10x10.train.4180,848,opt
j.rnd.10x10.train.4181,790,opt
j.rnd.10x10.train.4182,789,opt
j.rnd.10x10.train.4183,780,opt
j.rnd.10x10.train.4184,832,opt
j.rnd.10x10.train.4185,832,opt
j.rnd.10x10.train.4186,787,opt
j.rnd.10x10.train.4187,830,opt
j.rnd.10x10.train.4188,844,opt
j.rnd.10x10.train.4189,855,opt
j.rnd.10x10.train.4190,881,opt
j.rnd.10x10.train.4191,905,opt
j.rnd.10x10.train.4192,818,opt
j.rnd.10x10.train.4193,859,opt
j.rnd.10x10.train.4194,729,opt
j.rnd.10x10.train.4195,801,opt
j.rnd.10x10.train.4196,821,opt
j.rnd.10x10.train.4197,811,opt
j.rnd.10x10.train.4198,736,opt
j.rnd.10x10.train.4199,860,opt
j.rnd.10x10.train.4200,857,opt
j.rnd.10x10.train.4201,800,opt
j.rnd.10x10.train.4202,775,opt
j.rnd.10x10.train.4203,823,opt
j.rnd.10x10.train.4204,851,opt
j.rnd.10x10.train.4205,855,opt
j.rnd.10x10.train.4206,724,opt
j.rnd.10x10.train.4207,795,opt
j.rnd.10x10.train.4208,784,opt
j.rnd.10x10.train.4209,787,opt
j.rnd.10x10.train.4210,768,opt
j.rnd.10x10.train.4211,847,opt
j.rnd.10x10.train.4212,836,opt
j.rnd.10x10.train.4213,904,opt
j.rnd.10x10.train.4214,778,opt
j.rnd.10x10.train.4215,733,opt
j.rnd.10x10.train.4216,844,opt
j.rnd.10x10.train.4217,834,opt
j.rnd.10x10.train.4218,789,opt
j.rnd.10x10.train.4219,886,opt
j.rnd.10x10.train.4220,844,opt
j.rnd.10x10.train.4221,876,opt
j.rnd.10x10.train.4222,809,opt
j.rnd.10x10.train.4223,827,opt
j.rnd.10x10.train.4224,750,opt
j.rnd.10x10.train.4225,880,opt
j.rnd.10x10.train.4226,834,opt
j.rnd.10x10.train.4227,714,opt
j.rnd.10x10.train.4228,830,opt
j.rnd.10x10.train.4229,803,opt
j.rnd.10x10.train.4230,902,opt
j.rnd.10x10.train.4231,800,opt
j.rnd.10x10.train.4232,747,opt
j.rnd.10x10.train.4233,827,opt
j.rnd.10x10.train.4234,818,opt
j.rnd.10x10.train.4235,826,opt
j.rnd.10x10.train.4236,825,opt
j.rnd.10x10.train.4237,765,opt
j.rnd.10x10.train.4238,837,opt
j.rnd.10x10.train.4239,789,opt
j.rnd.10x10.train.4240,794,opt
j.rnd.10x10.train.4241,783,opt
j.rnd.10x10.train.4242,796,opt
j.rnd.10x10.train.4243,812,opt
j.rnd.10x10.train.4244,940,opt
j.rnd.10x10.train.4245,834,opt
j.rnd.10x10.train.4246,814,opt
j.rnd.10x10.train.4247,794,opt
j.rnd.10x10.train.4248,841,opt
j.rnd.10x10.train.4249,818,opt
j.rnd.10x10.train.4250,754,opt
j.rnd.10x10.train.4251,886,opt
j.rnd.10x10.train.4252,789,opt
j.rnd.10x10.train.4253,824,opt
j.rnd.10x10.train.4254,737,opt
j.rnd.10x10.train.4255,832,opt
j.rnd.10x10.train.4256,893,opt
j.rnd.10x10.train.4257,873,opt
j.rnd.10x10.train.4258,846,opt
j.rnd.10x10.train.4259,862,opt
j.rnd.10x10.train.4260,808,opt
j.rnd.10x10.train.4261,762,opt
j.rnd.10x10.train.4262,771,opt
j.rnd.10x10.train.4263,870,opt
j.rnd.10x10.train.4264,798,opt
j.rnd.10x10.train.4265,911,opt
j.rnd.10x10.train.4266,724,opt
j.rnd.10x10.train.4267,829,opt
j.rnd.10x10.train.4268,824,opt
j.rnd.10x10.train.4269,840,opt
j.rnd.10x10.train.4270,840,opt
j.rnd.10x10.train.4271,837,opt
j.rnd.10x10.train.4272,796,opt
j.rnd.10x10.train.4273,793,opt
j.rnd.10x10.train.4274,845,opt
j.rnd.10x10.train.4275,829,opt
j.rnd.10x10.train.4276,746,opt
j.rnd.10x10.train.4277,863,opt
j.rnd.10x10.train.4278,813,opt
j.rnd.10x10.train.4279,719,opt
j.rnd.10x10.train.4280,777,opt
j.rnd.10x10.train.4281,783,opt
j.rnd.10x10.train.4282,841,opt
j.rnd.10x10.train.4283,801,opt
j.rnd.10x10.train.4284,766,opt
j.rnd.10x10.train.4285,858,opt
j.rnd.10x10.train.4286,807,opt
j.rnd.10x10.train.4287,846,opt
j.rnd.10x10.train.4288,802,opt
j.rnd.10x10.train.4289,898,opt
j.rnd.10x10.train.4290,868,opt
j.rnd.10x10.train.4291,929,opt
j.rnd.10x10.train.4292,745,opt
j.rnd.10x10.train.4293,818,opt
j.rnd.10x10.train.4294,832,opt
j.rnd.10x10.train.4295,759,opt
j.rnd.10x10.train.4296,792,opt
j.rnd.10x10.train.4297,882,opt
j.rnd.10x10.train.4298,721,opt
j.rnd.10x10.train.4299,841,opt
j.rnd.10x10.train.4300,897,opt
j.rnd.10x10.train.4301,926,opt
j.rnd.10x10.train.4302,835,opt
j.rnd.10x10.train.4303,862,opt
j.rnd.10x10.train.4304,989,opt
j.rnd.10x10.train.4305,796,opt
j.rnd.10x10.train.4306,826,opt
j.rnd.10x10.train.4307,905,opt
j.rnd.10x10.train.4308,956,opt
j.rnd.10x10.train.4309,837,opt
j.rnd.10x10.train.4310,775,opt
j.rnd.10x10.train.4311,791,opt
j.rnd.10x10.train.4312,836,opt
j.rnd.10x10.train.4313,824,opt
j.rnd.10x10.train.4314,784,opt
j.rnd.10x10.train.4315,775,opt
j.rnd.10x10.train.4316,814,opt
j.rnd.10x10.train.4317,837,opt
j.rnd.10x10.train.4318,781,opt
j.rnd.10x10.train.4319,784,opt
j.rnd.10x10.train.4320,845,opt
j.rnd.10x10.train.4321,830,opt
j.rnd.10x10.train.4322,838,opt
j.rnd.10x10.train.4323,749,opt
j.rnd.10x10.train.4324,785,opt
j.rnd.10x10.train.4325,885,opt
j.rnd.10x10.train.4326,861,opt
j.rnd.10x10.train.4327,813,opt
j.rnd.10x10.train.4328,754,opt
j.rnd.10x10.train.4329,838,opt
j.rnd.10x10.train.4330,779,opt
j.rnd.10x10.train.4331,773,opt
j.rnd.10x10.train.4332,772,opt
j.rnd.10x10.train.4333,869,opt
j.rnd.10x10.train.4334,860,opt
j.rnd.10x10.train.4335,842,opt
j.rnd.10x10.train.4336,785,opt
j.rnd.10x10.train.4337,809,opt
j.rnd.10x10.train.4338,851,opt
j.rnd.10x10.train.4339,767,opt
j.rnd.10x10.train.4340,805,opt
j.rnd.10x10.train.4341,782,opt
j.rnd.10x10.train.4342,834,opt
j.rnd.10x10.train.4343,817,opt
j.rnd.10x10.train.4344,856,opt
j.rnd.10x10.train.4345,866,opt
j.rnd.10x10.train.4346,819,opt
j.rnd.10x10.train.4347,810,opt
j.rnd.10x10.train.4348,801,opt
j.rnd.10x10.train.4349,752,opt
j.rnd.10x10.train.4350,776,opt
j.rnd.10x10.train.4351,926,opt
j.rnd.10x10.train.4352,744,opt
j.rnd.10x10.train.4353,768,opt
j.rnd.10x10.train.4354,900,opt
j.rnd.10x10.train.4355,902,opt
j.rnd.10x10.train.4356,791,opt
j.rnd.10x10.train.4357,810,opt
j.rnd.10x10.train.4358,829,opt
j.rnd.10x10.train.4359,830,opt
j.rnd.10x10.train.4360,823,opt
j.rnd.10x10.train.4361,823,opt
j.rnd.10x10.train.4362,723,opt
j.rnd.10x10.train.4363,907,opt
j.rnd.10x10.train.4364,831,opt
j.rnd.10x10.train.4365,776,opt
j.rnd.10x10.train.4366,798,opt
j.rnd.10x10.train.4367,888,opt
j.rnd.10x10.train.4368,764,opt
j.rnd.10x10.train.4369,877,opt
j.rnd.10x10.train.4370,745,opt
j.rnd.10x10.train.4371,879,opt
j.rnd.10x10.train.4372,891,opt
j.rnd.10x10.train.4373,857,opt
j.rnd.10x10.train.4374,800,opt
j.rnd.10x10.train.4375,836,opt
j.rnd.10x10.train.4376,874,opt
j.rnd.10x10.train.4377,876,opt
j.rnd.10x10.train.4378,763,opt
j.rnd.10x10.train.4379,768,opt
j.rnd.10x10.train.4380,847,opt
j.rnd.10x10.train.4381,747,opt
j.rnd.10x10.train.4382,729,opt
j.rnd.10x10.train.4383,644,opt
j.rnd.10x10.train.4384,841,opt
j.rnd.10x10.train.4385,916,opt
j.rnd.10x10.train.4386,783,opt
j.rnd.10x10.train.4387,730,opt
j.rnd.10x10.train.4388,811,opt
j.rnd.10x10.train.4389,834,opt
j.rnd.10x10.train.4390,809,opt
j.rnd.10x10.train.4391,825,opt
j.rnd.10x10.train.4392,790,opt
j.rnd.10x10.train.4393,862,opt
j.rnd.10x10.train.4394,811,opt
j.rnd.10x10.train.4395,818,opt
j.rnd.10x10.train.4396,840,opt
j.rnd.10x10.train.4397,815,opt
j.rnd.10x10.train.4398,869,opt
j.rnd.10x10.train.4399,801,opt
j.rnd.10x10.train.4400,823,opt
j.rnd.10x10.train.4401,839,opt
j.rnd.10x10.train.4402,863,opt
j.rnd.10x10.train.4403,859,opt
j.rnd.10x10.train.4404,739,opt
j.rnd.10x10.train.4405,796,opt
j.rnd.10x10.train.4406,807,opt
j.rnd.10x10.train.4407,847,opt
j.rnd.10x10.train.4408,844,opt
j.rnd.10x10.train.4409,899,opt
j.rnd.10x10.train.4410,812,opt
j.rnd.10x10.train.4411,925,opt
j.rnd.10x10.train.4412,849,opt
j.rnd.10x10.train.4413,813,opt
j.rnd.10x10.train.4414,902,opt
j.rnd.10x10.train.4415,794,opt
j.rnd.10x10.train.4416,832,opt
j.rnd.10x10.train.4417,790,opt
j.rnd.10x10.train.4418,952,opt
j.rnd.10x10.train.4419,837,opt
j.rnd.10x10.train.4420,819,opt
j.rnd.10x10.train.4421,810,opt
j.rnd.10x10.train.4422,837,opt
j.rnd.10x10.train.4423,806,opt
j.rnd.10x10.train.4424,771,opt
j.rnd.10x10.train.4425,866,opt
j.rnd.10x10.train.4426,814,opt
j.rnd.10x10.train.4427,895,opt
j.rnd.10x10.train.4428,753,opt
j.rnd.10x10.train.4429,775,opt
j.rnd.10x10.train.4430,783,opt
j.rnd.10x10.train.4431,876,opt
j.rnd.10x10.train.4432,754,opt
j.rnd.10x10.train.4433,764,opt
j.rnd.10x10.train.4434,806,opt
j.rnd.10x10.train.4435,804,opt
j.rnd.10x10.train.4436,863,opt
j.rnd.10x10.train.4437,778,opt
j.rnd.10x10.train.4438,803,opt
j.rnd.10x10.train.4439,881,opt
j.rnd.10x10.train.4440,848,opt
j.rnd.10x10.train.4441,849,opt
j.rnd.10x10.train.4442,758,opt
j.rnd.10x10.train.4443,789,opt
j.rnd.10x10.train.4444,839,opt
j.rnd.10x10.train.4445,852,opt
j.rnd.10x10.train.4446,830,opt
j.rnd.10x10.train.4447,813,opt
j.rnd.10x10.train.4448,791,opt
j.rnd.10x10.train.4449,786,opt
j.rnd.10x10.train.4450,825,opt
j.rnd.10x10.train.4451,776,opt
j.rnd.10x10.train.4452,934,opt
j.rnd.10x10.train.4453,912,opt
j.rnd.10x10.train.4454,819,opt
j.rnd.10x10.train.4455,779,opt
j.rnd.10x10.train.4456,804,opt
j.rnd.10x10.train.4457,908,opt
j.rnd.10x10.train.4458,774,opt
j.rnd.10x10.train.4459,831,opt
j.rnd.10x10.train.4460,773,opt
j.rnd.10x10.train.4461,813,opt
j.rnd.10x10.train.4462,631,opt
j.rnd.10x10.train.4463,831,opt
j.rnd.10x10.train.4464,856,opt
j.rnd.10x10.train.4465,825,opt
j.rnd.10x10.train.4466,870,opt
j.rnd.10x10.train.4467,783,opt
j.rnd.10x10.train.4468,850,opt
j.rnd.10x10.train.4469,850,opt
j.rnd.10x10.train.4470,752,opt
j.rnd.10x10.train.4471,849,opt
j.rnd.10x10.train.4472,813,opt
j.rnd.10x10.train.4473,762,opt
j.rnd.10x10.train.4474,751,opt
j.rnd.10x10.train.4475,782,opt
j.rnd.10x10.train.4476,936,opt
j.rnd.10x10.train.4477,769,opt
j.rnd.10x10.train.4478,931,opt
j.rnd.10x10.train.4479,960,opt
j.rnd.10x10.train.4480,839,opt
j.rnd.10x10.train.4481,778,opt
j.rnd.10x10.train.4482,852,opt
j.rnd.10x10.train.4483,785,opt
j.rnd.10x10.train.4484,797,opt
j.rnd.10x10.train.4485,853,opt
j.rnd.10x10.train.4486,855,opt
j.rnd.10x10.train.4487,808,opt
j.rnd.10x10.train.4488,823,opt
j.rnd.10x10.train.4489,841,opt
j.rnd.10x10.train.4490,878,opt
j.rnd.10x10.train.4491,888,opt
j.rnd.10x10.train.4492,731,opt
j.rnd.10x10.train.4493,766,opt
j.rnd.10x10.train.4494,814,opt
j.rnd.10x10.train.4495,810,opt
j.rnd.10x10.train.4496,790,opt
j.rnd.10x10.train.4497,799,opt
j.rnd.10x10.train.4498,758,opt
j.rnd.10x10.train.4499,816,opt
j.rnd.10x10.train.4500,840,opt
j.rnd.10x10.train.4501,741,opt
j.rnd.10x10.train.4502,796,opt
j.rnd.10x10.train.4503,746,opt
j.rnd.10x10.train.4504,830,opt
j.rnd.10x10.train.4505,847,opt
j.rnd.10x10.train.4506,770,opt
j.rnd.10x10.train.4507,873,opt
j.rnd.10x10.train.4508,749,opt
j.rnd.10x10.train.4509,837,opt
j.rnd.10x10.train.4510,835,opt
j.rnd.10x10.train.4511,740,opt
j.rnd.10x10.train.4512,761,opt
j.rnd.10x10.train.4513,820,opt
j.rnd.10x10.train.4514,793,opt
j.rnd.10x10.train.4515,869,opt
j.rnd.10x10.train.4516,777,opt
j.rnd.10x10.train.4517,868,opt
j.rnd.10x10.train.4518,783,opt
j.rnd.10x10.train.4519,827,opt
j.rnd.10x10.train.4520,785,opt
j.rnd.10x10.train.4521,870,opt
j.rnd.10x10.train.4522,867,opt
j.rnd.10x10.train.4523,923,opt
j.rnd.10x10.train.4524,857,opt
j.rnd.10x10.train.4525,822,opt
j.rnd.10x10.train.4526,827,opt
j.rnd.10x10.train.4527,820,opt
j.rnd.10x10.train.4528,762,opt
j.rnd.10x10.train.4529,815,opt
j.rnd.10x10.train.4530,838,opt
j.rnd.10x10.train.4531,856,opt
j.rnd.10x10.train.4532,914,opt
j.rnd.10x10.train.4533,752,opt
j.rnd.10x10.train.4534,790,opt
j.rnd.10x10.train.4535,911,opt
j.rnd.10x10.train.4536,850,opt
j.rnd.10x10.train.4537,825,opt
j.rnd.10x10.train.4538,857,opt
j.rnd.10x10.train.4539,843,opt
j.rnd.10x10.train.4540,759,opt
j.rnd.10x10.train.4541,820,opt
j.rnd.10x10.train.4542,790,opt
j.rnd.10x10.train.4543,748,opt
j.rnd.10x10.train.4544,882,opt
j.rnd.10x10.train.4545,755,opt
j.rnd.10x10.train.4546,805,opt
j.rnd.10x10.train.4547,803,opt
j.rnd.10x10.train.4548,812,opt
j.rnd.10x10.train.4549,824,opt
j.rnd.10x10.train.4550,742,opt
j.rnd.10x10.train.4551,799,opt
j.rnd.10x10.train.4552,747,opt
j.rnd.10x10.train.4553,832,opt
j.rnd.10x10.train.4554,818,opt
j.rnd.10x10.train.4555,818,opt
j.rnd.10x10.train.4556,844,opt
j.rnd.10x10.train.4557,794,opt
j.rnd.10x10.train.4558,780,opt
j.rnd.10x10.train.4559,785,opt
j.rnd.10x10.train.4560,819,opt
j.rnd.10x10.train.4561,818,opt
j.rnd.10x10.train.4562,825,opt
j.rnd.10x10.train.4563,782,opt
j.rnd.10x10.train.4564,799,opt
j.rnd.10x10.train.4565,756,opt
j.rnd.10x10.train.4566,730,opt
j.rnd.10x10.train.4567,840,opt
j.rnd.10x10.train.4568,772,opt
j.rnd.10x10.train.4569,820,opt
j.rnd.10x10.train.4570,808,opt
j.rnd.10x10.train.4571,835,opt
j.rnd.10x10.train.4572,865,opt
j.rnd.10x10.train.4573,824,opt
j.rnd.10x10.train.4574,815,opt
j.rnd.10x10.train.4575,816,opt
j.rnd.10x10.train.4576,764,opt
j.rnd.10x10.train.4577,741,opt
j.rnd.10x10.train.4578,891,opt
j.rnd.10x10.train.4579,732,opt
j.rnd.10x10.train.4580,764,opt
j.rnd.10x10.train.4581,782,opt
j.rnd.10x10.train.4582,901,opt
j.rnd.10x10.train.4583,878,opt
j.rnd.10x10.train.4584,768,opt
j.rnd.10x10.train.4585,818,opt
j.rnd.10x10.train.4586,828,opt
j.rnd.10x10.train.4587,791,opt
j.rnd.10x10.train.4588,910,opt
j.rnd.10x10.train.4589,800,opt
j.rnd.10x10.train.4590,834,opt
j.rnd.10x10.train.4591,917,opt
j.rnd.10x10.train.4592,844,opt
j.rnd.10x10.train.4593,765,opt
j.rnd.10x10.train.4594,789,opt
j.rnd.10x10.train.4595,885,opt
j.rnd.10x10.train.4596,870,opt
j.rnd.10x10.train.4597,804,opt
j.rnd.10x10.train.4598,816,opt
j.rnd.10x10.train.4599,800,opt
j.rnd.10x10.train.4600,966,opt
j.rnd.10x10.train.4601,847,opt
j.rnd.10x10.train.4602,775,opt
j.rnd.10x10.train.4603,884,opt
j.rnd.10x10.train.4604,902,opt
j.rnd.10x10.train.4605,761,opt
j.rnd.10x10.train.4606,933,opt
j.rnd.10x10.train.4607,765,opt
j.rnd.10x10.train.4608,760,opt
j.rnd.10x10.train.4609,788,opt
j.rnd.10x10.train.4610,832,opt
j.rnd.10x10.train.4611,845,opt
j.rnd.10x10.train.4612,822,opt
j.rnd.10x10.train.4613,755,opt
j.rnd.10x10.train.4614,833,opt
j.rnd.10x10.train.4615,795,opt
j.rnd.10x10.train.4616,899,opt
j.rnd.10x10.train.4617,797,opt
j.rnd.10x10.train.4618,765,opt
j.rnd.10x10.train.4619,792,opt
j.rnd.10x10.train.4620,837,opt
j.rnd.10x10.train.4621,789,opt
j.rnd.10x10.train.4622,836,opt
j.rnd.10x10.train.4623,813,opt
j.rnd.10x10.train.4624,850,opt
j.rnd.10x10.train.4625,846,opt
j.rnd.10x10.train.4626,754,opt
j.rnd.10x10.train.4627,846,opt
j.rnd.10x10.train.4628,813,opt
j.rnd.10x10.train.4629,779,opt
j.rnd.10x10.train.4630,838,opt
j.rnd.10x10.train.4631,744,opt
j.rnd.10x10.train.4632,807,opt
j.rnd.10x10.train.4633,852,opt
j.rnd.10x10.train.4634,817,opt
j.rnd.10x10.train.4635,774,opt
j.rnd.10x10.train.4636,853,opt
j.rnd.10x10.train.4637,830,opt
j.rnd.10x10.train.4638,791,opt
j.rnd.10x10.train.4639,779,opt
j.rnd.10x10.train.4640,830,opt
j.rnd.10x10.train.4641,791,opt
j.rnd.10x10.train.4642,864,opt
j.rnd.10x10.train.4643,762,opt
j.rnd.10x10.train.4644,868,opt
j.rnd.10x10.train.4645,863,opt
j.rnd.10x10.train.4646,817,opt
j.rnd.10x10.train.4647,828,opt
j.rnd.10x10.train.4648,835,opt
j.rnd.10x10.train.4649,783,opt
j.rnd.10x10.train.4650,877,opt
j.rnd.10x10.train.4651,773,opt
j.rnd.10x10.train.4652,795,opt
j.rnd.10x10.train.4653,815,opt
j.rnd.10x10.train.4654,817,opt
j.rnd.10x10.train.4655,797,opt
j.rnd.10x10.train.4656,732,opt
j.rnd.10x10.train.4657,813,opt
j.rnd.10x10.train.4658,838,opt
j.rnd.10x10.train.4659,799,opt
j.rnd.10x10.train.4660,863,opt
j.rnd.10x10.train.4661,895,opt
j.rnd.10x10.train.4662,816,opt
j.rnd.10x10.train.4663,754,opt
j.rnd.10x10.train.4664,814,opt
j.rnd.10x10.train.4665,771,opt
j.rnd.10x10.train.4666,848,opt
j.rnd.10x10.train.4667,872,opt
j.rnd.10x10.train.4668,980,opt
j.rnd.10x10.train.4669,776,opt
j.rnd.10x10.train.4670,911,opt
j.rnd.10x10.train.4671,766,opt
j.rnd.10x10.train.4672,815,opt
j.rnd.10x10.train.4673,849,opt
j.rnd.10x10.train.4674,851,opt
j.rnd.10x10.train.4675,781,opt
j.rnd.10x10.train.4676,828,opt
j.rnd.10x10.train.4677,749,opt
j.rnd.10x10.train.4678,820,opt
j.rnd.10x10.train.4679,888,opt
j.rnd.10x10.train.4680,715,opt
j.rnd.10x10.train.4681,779,opt
j.rnd.10x10.train.4682,743,opt
j.rnd.10x10.train.4683,858,opt
j.rnd.10x10.train.4684,856,opt
j.rnd.10x10.train.4685,762,opt
j.rnd.10x10.train.4686,821,opt
j.rnd.10x10.train.4687,845,opt
j.rnd.10x10.train.4688,746,opt
j.rnd.10x10.train.4689,804,opt
j.rnd.10x10.train.4690,956,opt
j.rnd.10x10.train.4691,780,opt
j.rnd.10x10.train.4692,801,opt
j.rnd.10x10.train.4693,796,opt
j.rnd.10x10.train.4694,811,opt
j.rnd.10x10.train.4695,757,opt
j.rnd.10x10.train.4696,788,opt
j.rnd.10x10.train.4697,809,opt
j.rnd.10x10.train.4698,815,opt
j.rnd.10x10.train.4699,832,opt
j.rnd.10x10.train.4700,750,opt
j.rnd.10x10.train.4701,836,opt
j.rnd.10x10.train.4702,743,opt
j.rnd.10x10.train.4703,860,opt
j.rnd.10x10.train.4704,811,opt
j.rnd.10x10.train.4705,890,opt
j.rnd.10x10.train.4706,769,opt
j.rnd.10x10.train.4707,868,opt
j.rnd.10x10.train.4708,816,opt
j.rnd.10x10.train.4709,920,opt
j.rnd.10x10.train.4710,819,opt
j.rnd.10x10.train.4711,861,opt
j.rnd.10x10.train.4712,815,opt
j.rnd.10x10.train.4713,828,opt
j.rnd.10x10.train.4714,849,opt
j.rnd.10x10.train.4715,824,opt
j.rnd.10x10.train.4716,776,opt
j.rnd.10x10.train.4717,706,opt
j.rnd.10x10.train.4718,782,opt
j.rnd.10x10.train.4719,788,opt
j.rnd.10x10.train.4720,817,opt
j.rnd.10x10.train.4721,780,opt
j.rnd.10x10.train.4722,784,opt
j.rnd.10x10.train.4723,759,opt
j.rnd.10x10.train.4724,822,opt
j.rnd.10x10.train.4725,788,opt
j.rnd.10x10.train.4726,809,opt
j.rnd.10x10.train.4727,836,opt
j.rnd.10x10.train.4728,794,opt
j.rnd.10x10.train.4729,792,opt
j.rnd.10x10.train.4730,848,opt
j.rnd.10x10.train.4731,877,opt
j.rnd.10x10.train.4732,812,opt
j.rnd.10x10.train.4733,857,opt
j.rnd.10x10.train.4734,852,opt
j.rnd.10x10.train.4735,778,opt
j.rnd.10x10.train.4736,762,opt
j.rnd.10x10.train.4737,873,opt
j.rnd.10x10.train.4738,885,opt
j.rnd.10x10.train.4739,814,opt
j.rnd.10x10.train.4740,856,opt
j.rnd.10x10.train.4741,997,opt
j.rnd.10x10.train.4742,853,opt
j.rnd.10x10.train.4743,782,opt
j.rnd.10x10.train.4744,910,opt
j.rnd.10x10.train.4745,844,opt
j.rnd.10x10.train.4746,746,opt
j.rnd.10x10.train.4747,766,opt
j.rnd.10x10.train.4748,755,opt
j.rnd.10x10.train.4749,812,opt
j.rnd.10x10.train.4750,865,opt
j.rnd.10x10.train.4751,814,opt
j.rnd.10x10.train.4752,820,opt
j.rnd.10x10.train.4753,761,opt
j.rnd.10x10.train.4754,775,opt
j.rnd.10x10.train.4755,840,opt
j.rnd.10x10.train.4756,859,opt
j.rnd.10x10.train.4757,811,opt
j.rnd.10x10.train.4758,861,opt
j.rnd.10x10.train.4759,792,opt
j.rnd.10x10.train.4760,853,opt
j.rnd.10x10.train.4761,765,opt
j.rnd.10x10.train.4762,826,opt
j.rnd.10x10.train.4763,838,opt
j.rnd.10x10.train.4764,762,opt
j.rnd.10x10.train.4765,867,opt
j.rnd.10x10.train.4766,829,opt
j.rnd.10x10.train.4767,877,opt
j.rnd.10x10.train.4768,892,opt
j.rnd.10x10.train.4769,807,opt
j.rnd.10x10.train.4770,801,opt
j.rnd.10x10.train.4771,785,opt
j.rnd.10x10.train.4772,730,opt
j.rnd.10x10.train.4773,816,opt
j.rnd.10x10.train.4774,897,opt
j.rnd.10x10.train.4775,839,opt
j.rnd.10x10.train.4776,727,opt
j.rnd.10x10.train.4777,758,opt
j.rnd.10x10.train.4778,801,opt
j.rnd.10x10.train.4779,796,opt
j.rnd.10x10.train.4780,912,opt
j.rnd.10x10.train.4781,765,opt
j.rnd.10x10.train.4782,888,opt
j.rnd.10x10.train.4783,793,opt
j.rnd.10x10.train.4784,855,opt
j.rnd.10x10.train.4785,721,opt
j.rnd.10x10.train.4786,734,opt
j.rnd.10x10.train.4787,994,opt
j.rnd.10x10.train.4788,812,opt
j.rnd.10x10.train.4789,678,opt
j.rnd.10x10.train.4790,768,opt
j.rnd.10x10.train.4791,804,opt
j.rnd.10x10.train.4792,844,opt
j.rnd.10x10.train.4793,727,opt
j.rnd.10x10.train.4794,800,opt
j.rnd.10x10.train.4795,772,opt
j.rnd.10x10.train.4796,870,opt
j.rnd.10x10.train.4797,917,opt
j.rnd.10x10.train.4798,809,opt
j.rnd.10x10.train.4799,812,opt
j.rnd.10x10.train.4800,732,opt
j.rnd.10x10.train.4801,795,opt
j.rnd.10x10.train.4802,844,opt
j.rnd.10x10.train.4803,919,opt
j.rnd.10x10.train.4804,823,opt
j.rnd.10x10.train.4805,730,opt
j.rnd.10x10.train.4806,730,opt
j.rnd.10x10.train.4807,695,opt
j.rnd.10x10.train.4808,818,opt
j.rnd.10x10.train.4809,900,opt
j.rnd.10x10.train.4810,793,opt
j.rnd.10x10.train.4811,794,opt
j.rnd.10x10.train.4812,767,opt
j.rnd.10x10.train.4813,830,opt
j.rnd.10x10.train.4814,819,opt
j.rnd.10x10.train.4815,697,opt
j.rnd.10x10.train.4816,826,opt
j.rnd.10x10.train.4817,825,opt
j.rnd.10x10.train.4818,786,opt
j.rnd.10x10.train.4819,841,opt
j.rnd.10x10.train.4820,932,opt
j.rnd.10x10.train.4821,880,opt
j.rnd.10x10.train.4822,741,opt
j.rnd.10x10.train.4823,795,opt
j.rnd.10x10.train.4824,822,opt
j.rnd.10x10.train.4825,883,opt
j.rnd.10x10.train.4826,873,opt
j.rnd.10x10.train.4827,779,opt
j.rnd.10x10.train.4828,841,opt
j.rnd.10x10.train.4829,774,opt
j.rnd.10x10.train.4830,756,opt
j.rnd.10x10.train.4831,824,opt
j.rnd.10x10.train.4832,728,opt
j.rnd.10x10.train.4833,864,opt
j.rnd.10x10.train.4834,836,opt
j.rnd.10x10.train.4835,886,opt
j.rnd.10x10.train.4836,751,opt
j.rnd.10x10.train.4837,772,opt
j.rnd.10x10.train.4838,902,opt
j.rnd.10x10.train.4839,783,opt
j.rnd.10x10.train.4840,866,opt
j.rnd.10x10.train.4841,718,opt
j.rnd.10x10.train.4842,941,opt
j.rnd.10x10.train.4843,815,opt
j.rnd.10x10.train.4844,770,opt
j.rnd.10x10.train.4845,759,opt
j.rnd.10x10.train.4846,885,opt
j.rnd.10x10.train.4847,801,opt
j.rnd.10x10.train.4848,852,opt
j.rnd.10x10.train.4849,893,opt
j.rnd.10x10.train.4850,791,opt
j.rnd.10x10.train.4851,778,opt
j.rnd.10x10.train.4852,850,opt
j.rnd.10x10.train.4853,719,opt
j.rnd.10x10.train.4854,754,opt
j.rnd.10x10.train.4855,796,opt
j.rnd.10x10.train.4856,863,opt
j.rnd.10x10.train.4857,845,opt
j.rnd.10x10.train.4858,810,opt
j.rnd.10x10.train.4859,847,opt
j.rnd.10x10.train.4860,834,opt
j.rnd.10x10.train.4861,820,opt
j.rnd.10x10.train.4862,867,opt
j.rnd.10x10.train.4863,816,opt
j.rnd.10x10.train.4864,834,opt
j.rnd.10x10.train.4865,864,opt
j.rnd.10x10.train.4866,756,opt
j.rnd.10x10.train.4867,803,opt
j.rnd.10x10.train.4868,771,opt
j.rnd.10x10.train.4869,829,opt
j.rnd.10x10.train.4870,751,opt
j.rnd.10x10.train.4871,791,opt
j.rnd.10x10.train.4872,754,opt
j.rnd.10x10.train.4873,726,opt
j.rnd.10x10.train.4874,842,opt
j.rnd.10x10.train.4875,776,opt
j.rnd.10x10.train.4876,816,opt
j.rnd.10x10.train.4877,801,opt
j.rnd.10x10.train.4878,812,opt
j.rnd.10x10.train.4879,826,opt
j.rnd.10x10.train.4880,799,opt
j.rnd.10x10.train.4881,851,opt
j.rnd.10x10.train.4882,814,opt
j.rnd.10x10.train.4883,816,opt
j.rnd.10x10.train.4884,800,opt
j.rnd.10x10.train.4885,850,opt
j.rnd.10x10.train.4886,796,opt
j.rnd.10x10.train.4887,840,opt
j.rnd.10x10.train.4888,800,opt
j.rnd.10x10.train.4889,746,opt
j.rnd.10x10.train.4890,745,opt
j.rnd.10x10.train.4891,811,opt
j.rnd.10x10.train.4892,787,opt
j.rnd.10x10.train.4893,861,opt
j.rnd.10x10.train.4894,839,opt
j.rnd.10x10.train.4895,823,opt
j.rnd.10x10.train.4896,817,opt
j.rnd.10x10.train.4897,832,opt
j.rnd.10x10.train.4898,834,opt
j.rnd.10x10.train.4899,803,opt
j.rnd.10x10.train.4900,784,opt
j.rnd.10x10.train.4901,873,opt
j.rnd.10x10.train.4902,820,opt
j.rnd.10x10.train.4903,847,opt
j.rnd.10x10.train.4904,878,opt
j.rnd.10x10.train.4905,755,opt
j.rnd.10x10.train.4906,790,opt
j.rnd.10x10.train.4907,764,opt
j.rnd.10x10.train.4908,790,opt
j.rnd.10x10.train.4909,816,opt
j.rnd.10x10.train.4910,724,opt
j.rnd.10x10.train.4911,821,opt
j.rnd.10x10.train.4912,845,opt
j.rnd.10x10.train.4913,826,opt
j.rnd.10x10.train.4914,906,opt
j.rnd.10x10.train.4915,854,opt
j.rnd.10x10.train.4916,804,opt
j.rnd.10x10.train.4917,830,opt
j.rnd.10x10.train.4918,962,opt
j.rnd.10x10.train.4919,885,opt
j.rnd.10x10.train.4920,780,opt
j.rnd.10x10.train.4921,808,opt
j.rnd.10x10.train.4922,718,opt
j.rnd.10x10.train.4923,767,opt
j.rnd.10x10.train.4924,845,opt
j.rnd.10x10.train.4925,774,opt
j.rnd.10x10.train.4926,736,opt
j.rnd.10x10.train.4927,812,opt
j.rnd.10x10.train.4928,788,opt
j.rnd.10x10.train.4929,878,opt
j.rnd.10x10.train.4930,795,opt
j.rnd.10x10.train.4931,818,opt
j.rnd.10x10.train.4932,794,opt
j.rnd.10x10.train.4933,797,opt
j.rnd.10x10.train.4934,844,opt
j.rnd.10x10.train.4935,813,opt
j.rnd.10x10.train.4936,726,opt
j.rnd.10x10.train.4937,805,opt
j.rnd.10x10.train.4938,789,opt
j.rnd.10x10.train.4939,760,opt
j.rnd.10x10.train.4940,808,opt
j.rnd.10x10.train.4941,832,opt
j.rnd.10x10.train.4942,793,opt
j.rnd.10x10.train.4943,796,opt
j.rnd.10x10.train.4944,796,opt
j.rnd.10x10.train.4945,752,opt
j.rnd.10x10.train.4946,846,opt
j.rnd.10x10.train.4947,773,opt
j.rnd.10x10.train.4948,949,opt
j.rnd.10x10.train.4949,747,opt
j.rnd.10x10.train.4950,942,opt
j.rnd.10x10.train.4951,730,opt
j.rnd.10x10.train.4952,812,opt
j.rnd.10x10.train.4953,856,opt
j.rnd.10x10.train.4954,820,opt
j.rnd.10x10.train.4955,782,opt
j.rnd.10x10.train.4956,803,opt
j.rnd.10x10.train.4957,819,opt
j.rnd.10x10.train.4958,794,opt
j.rnd.10x10.train.4959,697,opt
j.rnd.10x10.train.4960,821,opt
j.rnd.10x10.train.4961,857,opt
j.rnd.10x10.train.4962,874,opt
j.rnd.10x10.train.4963,815,opt
j.rnd.10x10.train.4964,866,opt
j.rnd.10x10.train.4965,866,opt
j.rnd.10x10.train.4966,780,opt
j.rnd.10x10.train.4967,797,opt
j.rnd.10x10.train.4968,790,opt
j.rnd.10x10.train.4969,837,opt
j.rnd.10x10.train.4970,808,opt
j.rnd.10x10.train.4971,894,opt
j.rnd.10x10.train.4972,849,opt
j.rnd.10x10.train.4973,856,opt
j.rnd.10x10.train.4974,817,opt
j.rnd.10x10.train.4975,870,opt
j.rnd.10x10.train.4976,830,opt
j.rnd.10x10.train.4977,855,opt
j.rnd.10x10.train.4978,808,opt
j.rnd.10x10.train.4979,870,opt
j.rnd.10x10.train.4980,786,opt
j.rnd.10x10.train.4981,717,opt
j.rnd.10x10.train.4982,914,opt
j.rnd.10x10.train.4983,844,opt
j.rnd.10x10.train.4984,840,opt
j.rnd.10x10.train.4985,837,opt
j.rnd.10x10.train.4986,884,opt
j.rnd.10x10.train.4987,825,opt
j.rnd.10x10.train.4988,793,opt
j.rnd.10x10.train.4989,916,opt
j.rnd.10x10.train.4990,819,opt
j.rnd.10x10.train.4991,786,opt
j.rnd.10x10.train.4992,843,opt
j.rnd.10x10.train.4993,978,opt
j.rnd.10x10.train.4994,924,opt
j.rnd.10x10.train.4995,816,opt
j.rnd.10x10.train.4996,830,opt
j.rnd.10x10.train.4997,829,opt
j.rnd.10x10.train.4998,761,opt
j.rnd.10x10.train.4999,770,opt
j.rnd.10x10.train.5000,703,opt
